  
       XFOIL         Version 6.99
  
 Calculated polar for: NACA 1135                                       
  
 1 1 Reynolds number fixed          Mach number fixed         
  
 xtrf =   1.000 (top)        1.000 (bottom)  
 Mach =   0.000     Re =     0.452 e 6     Ncrit =   9.000
  
   alpha    CL        CD       CDp       CM     Top_Xtr  Bot_Xtr
  ------ -------- --------- --------- -------- -------- --------
 -25.000  -0.9280   0.14775   0.14279  -0.0454   1.0000   0.1104
 -24.500  -0.9129   0.14402   0.13911  -0.0477   1.0000   0.1150
 -24.000  -0.9144   0.13811   0.13324  -0.0506   1.0000   0.1208
 -23.500  -0.9154   0.13236   0.12746  -0.0531   1.0000   0.1272
 -23.000  -0.9268   0.12551   0.12065  -0.0557   1.0000   0.1358
 -22.500  -0.9316   0.11958   0.11476  -0.0577   1.0000   0.1447
 -22.000  -0.9614   0.11077   0.10582  -0.0600   1.0000   0.1545
 -21.500  -0.9604   0.10607   0.10126  -0.0609   1.0000   0.1636
 -21.000  -0.9902   0.09804   0.09305  -0.0618   1.0000   0.1717
 -20.500  -0.9983   0.09301   0.08811  -0.0617   1.0000   0.1796
 -20.000  -1.0187   0.08682   0.08180  -0.0612   1.0000   0.1864
 -19.500  -1.0332   0.08201   0.07697  -0.0596   1.0000   0.1930
 -19.000  -1.0420   0.07834   0.07335  -0.0573   1.0000   0.1990
 -18.500  -1.0706   0.07318   0.06807  -0.0541   1.0000   0.2044
 -18.000  -1.0593   0.06859   0.06337  -0.0556   0.9983   0.2094
 -17.500  -1.0313   0.06374   0.05857  -0.0597   0.9947   0.2162
 -17.000  -1.0010   0.05910   0.05387  -0.0640   0.9906   0.2222
 -16.500  -0.9791   0.05352   0.04811  -0.0685   0.9866   0.2271
 -16.000  -0.9297   0.05053   0.04516  -0.0733   0.9835   0.2341
 -15.500  -0.8848   0.04695   0.04160  -0.0783   0.9807   0.2401
 -15.000  -0.8624   0.04306   0.03762  -0.0796   0.9692   0.2457
 -14.500  -0.8313   0.03953   0.03394  -0.0818   0.9566   0.2498
 -14.000  -0.7949   0.03748   0.03197  -0.0823   0.9426   0.2576
 -13.500  -0.7769   0.03492   0.02939  -0.0804   0.9210   0.2638
 -13.000  -0.7541   0.03264   0.02699  -0.0789   0.9001   0.2696
 -12.500  -0.7368   0.03020   0.02434  -0.0768   0.8765   0.2736
 -12.000  -0.7039   0.02883   0.02300  -0.0754   0.8546   0.2824
 -11.500  -0.6789   0.02708   0.02115  -0.0735   0.8296   0.2893
 -11.000  -0.6499   0.02552   0.01947  -0.0721   0.8091   0.2949
 -10.500  -0.6188   0.02422   0.01794  -0.0705   0.7842   0.2989
 -10.000  -0.5818   0.02313   0.01686  -0.0693   0.7641   0.3079
  -9.500  -0.5519   0.02191   0.01556  -0.0674   0.7424   0.3151
  -9.000  -0.5156   0.02102   0.01456  -0.0660   0.7220   0.3214
  -8.500  -0.4816   0.02014   0.01351  -0.0642   0.7021   0.3262
  -8.000  -0.4426   0.01940   0.01269  -0.0628   0.6810   0.3351
  -7.500  -0.4075   0.01861   0.01194  -0.0608   0.6660   0.3438
  -7.000  -0.3713   0.01809   0.01126  -0.0587   0.6443   0.3511
  -6.500  -0.3354   0.01754   0.01062  -0.0565   0.6307   0.3562
  -6.000  -0.2940   0.01700   0.01008  -0.0549   0.6148   0.3667
  -5.500  -0.2594   0.01665   0.00964  -0.0522   0.5942   0.3759
  -5.000  -0.2232   0.01624   0.00925  -0.0495   0.5840   0.3839
  -4.500  -0.1882   0.01603   0.00888  -0.0465   0.5695   0.3889
  -4.000  -0.1504   0.01574   0.00858  -0.0439   0.5515   0.4017
  -3.500  -0.1179   0.01544   0.00837  -0.0402   0.5421   0.4115
  -3.000  -0.0886   0.01533   0.00816  -0.0357   0.5294   0.4195
  -2.500  -0.0563   0.01536   0.00805  -0.0317   0.5121   0.4272
  -2.000  -0.0336   0.01508   0.00791  -0.0258   0.5047   0.4396
  -1.500  -0.0221   0.01504   0.00788  -0.0176   0.4944   0.4495
  -1.000  -0.0204   0.01518   0.00789  -0.0073   0.4824   0.4568
  -0.500  -0.0039   0.01517   0.00787   0.0001   0.4714   0.4667
  -0.000   0.0032   0.01504   0.00786   0.0092   0.4635   0.4790
   0.500   0.0256   0.01512   0.00793   0.0152   0.4535   0.4900
   1.000   0.0554   0.01543   0.00808   0.0197   0.4397   0.4977
   1.500   0.0858   0.01541   0.00820   0.0239   0.4326   0.5138
   2.000   0.1189   0.01554   0.00841   0.0276   0.4239   0.5270
   2.500   0.1531   0.01588   0.00865   0.0309   0.4136   0.5373
   3.000   0.1911   0.01615   0.00895   0.0333   0.4021   0.5538
   3.500   0.2259   0.01641   0.00935   0.0362   0.3955   0.5688
   4.000   0.2646   0.01683   0.00974   0.0383   0.3866   0.5803
   4.500   0.2992   0.01732   0.01023   0.0409   0.3751   0.5995
   5.000   0.3373   0.01782   0.01084   0.0428   0.3679   0.6161
   5.500   0.3761   0.01842   0.01145   0.0444   0.3604   0.6275
   6.000   0.4108   0.01902   0.01216   0.0465   0.3513   0.6517
   6.500   0.4468   0.01990   0.01301   0.0482   0.3407   0.6684
   7.000   0.4821   0.02070   0.01397   0.0498   0.3348   0.6884
   7.500   0.5171   0.02161   0.01498   0.0513   0.3265   0.7104
   8.000   0.5444   0.02299   0.01633   0.0534   0.3162   0.7303
   8.500   0.5798   0.02407   0.01759   0.0545   0.3098   0.7546
   9.000   0.6146   0.02531   0.01893   0.0555   0.3030   0.7762
   9.500   0.6392   0.02707   0.02080   0.0574   0.2954   0.8038
  10.000   0.6694   0.02859   0.02234   0.0587   0.2866   0.8270
  10.500   0.6977   0.03037   0.02432   0.0600   0.2816   0.8540
  11.000   0.7201   0.03255   0.02662   0.0617   0.2748   0.8807
  11.500   0.7405   0.03480   0.02885   0.0636   0.2671   0.9047
  12.000   0.7619   0.03728   0.03146   0.0653   0.2607   0.9301
  12.500   0.7851   0.03991   0.03418   0.0661   0.2548   0.9517
  13.000   0.8146   0.04332   0.03757   0.0643   0.2472   0.9668
  13.500   0.8417   0.04663   0.04084   0.0633   0.2394   0.9804
  14.000   0.8877   0.05051   0.04483   0.0576   0.2336   0.9840
  14.500   0.9204   0.05521   0.04952   0.0529   0.2265   0.9878
  15.000   0.9600   0.05897   0.05322   0.0484   0.2189   0.9923
  15.500   0.9877   0.06416   0.05855   0.0439   0.2138   0.9967
  16.000   1.0153   0.06920   0.06361   0.0397   0.2077   0.9999
  16.500   1.0100   0.07164   0.06594   0.0434   0.2017   1.0000
  17.000   0.9964   0.07567   0.07007   0.0463   0.1978   1.0000
  17.500   0.9910   0.07954   0.07401   0.0482   0.1935   1.0000
  18.000   0.9845   0.08413   0.07862   0.0493   0.1890   1.0000
  18.500   0.9969   0.08688   0.08126   0.0500   0.1837   1.0000
  19.000   0.9996   0.09125   0.08572   0.0499   0.1803   1.0000
  19.500   0.9889   0.09749   0.09210   0.0492   0.1767   1.0000
  20.000   0.9946   0.10207   0.09672   0.0482   0.1732   1.0000
  20.500   1.0078   0.10591   0.10054   0.0470   0.1700   1.0000
  21.000   1.0358   0.10787   0.10243   0.0460   0.1665   1.0000
  21.500   1.0113   0.11628   0.11107   0.0439   0.1638   1.0000
  22.000   0.9677   0.12723   0.12227   0.0409   0.1598   1.0000
  22.500   0.9433   0.13607   0.13125   0.0379   0.1561   1.0000
  23.000   0.9582   0.14001   0.13519   0.0356   0.1538   1.0000
  25.000   0.5963   0.22381   0.21983   0.0056   0.1122   1.0000
