  
       XFOIL         Version 6.99
  
 Calculated polar for: NACA 1817                                       
  
 1 1 Reynolds number fixed          Mach number fixed         
  
 xtrf =   1.000 (top)        1.000 (bottom)  
 Mach =   0.000     Re =     0.452 e 6     Ncrit =   9.000
  
   alpha    CL        CD       CDp       CM     Top_Xtr  Bot_Xtr
  ------ -------- --------- --------- -------- -------- --------
 -24.500  -0.3949   0.18929   0.18684  -0.0045   1.0000   0.0287
 -24.000  -0.3847   0.18431   0.18185  -0.0070   1.0000   0.0313
 -23.500  -0.7297   0.25925   0.25627   0.0292   1.0000   0.0328
 -22.000  -0.6770   0.24221   0.23921   0.0202   1.0000   0.0347
 -21.500  -0.6604   0.23670   0.23369   0.0166   1.0000   0.0366
 -21.000  -1.0082   0.13498   0.13121  -0.0314   1.0000   0.0378
 -20.500  -1.0515   0.11990   0.11582  -0.0398   1.0000   0.0385
 -20.000  -1.0774   0.10827   0.10392  -0.0459   1.0000   0.0392
 -19.500  -1.0969   0.09805   0.09347  -0.0511   1.0000   0.0398
 -19.000  -1.1087   0.09036   0.08568  -0.0538   1.0000   0.0413
 -18.500  -1.1182   0.08238   0.07758  -0.0572   1.0000   0.0424
 -18.000  -1.1268   0.07463   0.06969  -0.0604   1.0000   0.0436
 -17.500  -1.1339   0.06737   0.06226  -0.0633   1.0000   0.0448
 -17.000  -1.1382   0.06061   0.05532  -0.0657   1.0000   0.0461
 -16.500  -1.1390   0.05451   0.04901  -0.0677   1.0000   0.0472
 -16.000  -1.1466   0.04853   0.04292  -0.0683   1.0000   0.0492
 -15.500  -1.1484   0.04327   0.03758  -0.0688   1.0000   0.0509
 -15.000  -1.1450   0.03893   0.03311  -0.0685   1.0000   0.0528
 -14.500  -1.1398   0.03525   0.02929  -0.0671   1.0000   0.0547
 -14.000  -1.1316   0.03236   0.02623  -0.0647   1.0000   0.0562
 -13.500  -1.1433   0.02875   0.02255  -0.0599   1.0000   0.0588
 -13.000  -1.1473   0.02640   0.02015  -0.0540   1.0000   0.0612
 -12.500  -1.1502   0.02472   0.01838  -0.0470   1.0000   0.0637
 -12.000  -1.1595   0.02351   0.01703  -0.0377   1.0000   0.0657
 -11.500  -1.1675   0.02204   0.01549  -0.0281   1.0000   0.0689
 -11.000  -1.1508   0.02081   0.01425  -0.0224   1.0000   0.0731
 -10.500  -1.1217   0.01998   0.01332  -0.0183   1.0000   0.0774
 -10.000  -1.0945   0.01874   0.01209  -0.0142   1.0000   0.0841
  -9.500  -1.0576   0.01806   0.01136  -0.0114   1.0000   0.0906
  -9.000  -0.9971   0.01702   0.01038  -0.0136   0.9962   0.1020
  -8.500  -0.9290   0.01624   0.00965  -0.0170   0.9914   0.1155
  -8.000  -0.8550   0.01563   0.00908  -0.0215   0.9879   0.1323
  -7.500  -0.7964   0.01487   0.00839  -0.0227   0.9800   0.1503
  -7.000  -0.7262   0.01420   0.00782  -0.0262   0.9739   0.1732
  -6.500  -0.6499   0.01357   0.00734  -0.0309   0.9696   0.2013
  -6.000  -0.5845   0.01298   0.00687  -0.0332   0.9626   0.2295
  -5.500  -0.5192   0.01235   0.00637  -0.0353   0.9535   0.2597
  -5.000  -0.4422   0.01175   0.00590  -0.0397   0.9483   0.2934
  -4.500  -0.3596   0.01117   0.00545  -0.0453   0.9450   0.3284
  -4.000  -0.3049   0.01062   0.00501  -0.0448   0.9315   0.3593
  -3.500  -0.2304   0.00999   0.00449  -0.0483   0.9238   0.3930
  -3.000  -0.1652   0.00941   0.00404  -0.0498   0.9119   0.4266
  -2.500  -0.1020   0.00886   0.00359  -0.0508   0.8939   0.4600
  -2.000  -0.0413   0.00844   0.00324  -0.0513   0.8667   0.4927
  -1.500   0.0210   0.00813   0.00292  -0.0520   0.8273   0.5257
  -1.000   0.0789   0.00806   0.00275  -0.0519   0.7801   0.5578
  -0.500   0.1328   0.00813   0.00272  -0.0511   0.7368   0.5900
  -0.000   0.1855   0.00821   0.00276  -0.0500   0.6963   0.6214
   0.500   0.2377   0.00832   0.00282  -0.0489   0.6576   0.6527
   1.000   0.2896   0.00847   0.00293  -0.0477   0.6204   0.6844
   1.500   0.3411   0.00865   0.00307  -0.0464   0.5837   0.7144
   2.000   0.3923   0.00888   0.00326  -0.0450   0.5482   0.7430
   2.500   0.4433   0.00914   0.00347  -0.0437   0.5134   0.7693
   3.000   0.4944   0.00945   0.00370  -0.0424   0.4795   0.7930
   3.500   0.5451   0.00977   0.00396  -0.0410   0.4466   0.8161
   4.000   0.5943   0.01007   0.00423  -0.0393   0.4143   0.8373
   4.500   0.6434   0.01041   0.00450  -0.0377   0.3823   0.8576
   5.000   0.6909   0.01079   0.00482  -0.0357   0.3510   0.8785
   5.500   0.7361   0.01116   0.00515  -0.0333   0.3205   0.9001
   6.000   0.7800   0.01157   0.00551  -0.0306   0.2910   0.9232
   6.500   0.8242   0.01204   0.00592  -0.0281   0.2623   0.9499
   7.000   0.8818   0.01267   0.00644  -0.0288   0.2322   0.9758
   7.500   0.9500   0.01344   0.00709  -0.0320   0.2021   0.9969
   8.000   0.9888   0.01407   0.00759  -0.0294   0.1795   1.0000
   8.500   1.0276   0.01484   0.00824  -0.0267   0.1588   1.0000
   9.000   1.0641   0.01574   0.00904  -0.0236   0.1399   1.0000
   9.500   1.1017   0.01665   0.00988  -0.0208   0.1255   1.0000
  10.000   1.1390   0.01760   0.01082  -0.0180   0.1130   1.0000
  10.500   1.1712   0.01883   0.01202  -0.0147   0.1019   1.0000
  11.000   1.2039   0.02006   0.01324  -0.0116   0.0931   1.0000
  11.500   1.2339   0.02148   0.01471  -0.0084   0.0856   1.0000
  12.000   1.2608   0.02310   0.01634  -0.0052   0.0789   1.0000
  12.500   1.2835   0.02508   0.01839  -0.0018   0.0737   1.0000
  13.000   1.3084   0.02701   0.02041   0.0009   0.0693   1.0000
  13.500   1.3171   0.03029   0.02372   0.0043   0.0644   1.0000
  14.000   1.3406   0.03267   0.02626   0.0061   0.0616   1.0000
  14.500   1.3564   0.03588   0.02959   0.0077   0.0586   1.0000
  15.000   1.3600   0.04047   0.03426   0.0090   0.0557   1.0000
  15.500   1.3627   0.04539   0.03936   0.0098   0.0535   1.0000
  16.000   1.3703   0.05024   0.04439   0.0097   0.0517   1.0000
  16.500   1.3734   0.05582   0.05012   0.0091   0.0498   1.0000
  17.000   1.3700   0.06229   0.05672   0.0079   0.0480   1.0000
  17.500   1.3561   0.06998   0.06450   0.0067   0.0459   1.0000
  18.000   1.3518   0.07716   0.07192   0.0046   0.0449   1.0000
  18.500   1.3445   0.08487   0.07984   0.0021   0.0437   1.0000
  19.000   1.3349   0.09303   0.08818  -0.0008   0.0425   1.0000
  19.500   1.3248   0.10146   0.09678  -0.0041   0.0413   1.0000
  20.000   1.3137   0.11016   0.10561  -0.0078   0.0402   1.0000
  20.500   1.3029   0.11847   0.11400  -0.0113   0.0389   1.0000
  21.000   1.2887   0.12747   0.12319  -0.0153   0.0379   1.0000
  21.500   1.2706   0.13811   0.13409  -0.0211   0.0372   1.0000
  22.000   1.2464   0.15018   0.14643  -0.0283   0.0363   1.0000
  22.500   1.2169   0.16370   0.16021  -0.0367   0.0353   1.0000
  23.000   1.1798   0.17949   0.17626  -0.0470   0.0343   1.0000
