  
       XFOIL         Version 6.99
  
 Calculated polar for: NACA 4713                                       
  
 1 1 Reynolds number fixed          Mach number fixed         
  
 xtrf =   1.000 (top)        1.000 (bottom)  
 Mach =   0.000     Re =     0.452 e 6     Ncrit =   9.000
  
   alpha    CL        CD       CDp       CM     Top_Xtr  Bot_Xtr
  ------ -------- --------- --------- -------- -------- --------
 -24.500  -0.6159   0.27935   0.27646  -0.0028   1.0000   0.0145
 -24.000  -0.3674   0.19508   0.19296  -0.0123   1.0000   0.0152
 -23.500  -0.3628   0.19172   0.18960  -0.0126   1.0000   0.0159
 -23.000  -0.3505   0.18606   0.18393  -0.0156   0.9992   0.0169
 -22.500  -0.3364   0.17926   0.17710  -0.0199   0.9978   0.0189
 -22.000  -0.3265   0.17288   0.17070  -0.0248   0.9962   0.0193
 -21.500  -0.3160   0.16632   0.16413  -0.0294   0.9945   0.0194
 -21.000  -0.5461   0.24121   0.23840  -0.0181   1.0000   0.0194
 -20.500  -0.5372   0.23445   0.23165  -0.0180   1.0000   0.0198
 -20.000  -0.5276   0.23062   0.22783  -0.0177   1.0000   0.0204
 -19.500  -0.5200   0.22656   0.22380  -0.0178   1.0000   0.0212
 -19.000  -0.5140   0.22195   0.21920  -0.0181   1.0000   0.0225
 -18.000  -0.5159   0.20981   0.20711  -0.0216   1.0000   0.0252
 -17.000  -0.5039   0.19805   0.19538  -0.0207   1.0000   0.0263
 -16.500  -0.4967   0.19385   0.19120  -0.0202   1.0000   0.0270
 -16.000  -0.4852   0.18823   0.18558  -0.0220   0.9995   0.0284
 -14.500  -0.4586   0.15978   0.15711  -0.0385   0.9953   0.0334
 -14.000  -0.4346   0.15442   0.15173  -0.0415   0.9937   0.0344
 -13.500  -0.4152   0.14836   0.14566  -0.0453   0.9924   0.0368
 -13.000  -0.8607   0.04566   0.04167  -0.1031   0.9828   0.0263
 -12.500  -0.8727   0.03850   0.03423  -0.1090   0.9756   0.0268
 -12.000  -0.8310   0.03376   0.02923  -0.1184   0.9724   0.0279
 -11.500  -0.8207   0.03117   0.02643  -0.1153   0.9648   0.0289
 -11.000  -0.7850   0.02874   0.02374  -0.1158   0.9607   0.0303
 -10.500  -0.7378   0.02683   0.02155  -0.1172   0.9580   0.0318
 -10.000  -0.6881   0.02398   0.01844  -0.1196   0.9561   0.0343
  -9.500  -0.6309   0.02288   0.01726  -0.1218   0.9545   0.0371
  -9.000  -0.5712   0.02186   0.01606  -0.1241   0.9533   0.0400
  -8.500  -0.5099   0.02025   0.01429  -0.1270   0.9523   0.0439
  -8.000  -0.4446   0.01969   0.01367  -0.1300   0.9510   0.0488
  -7.500  -0.3982   0.01898   0.01285  -0.1291   0.9482   0.0538
  -7.000  -0.3562   0.01837   0.01222  -0.1274   0.9447   0.0603
  -6.500  -0.3045   0.01787   0.01164  -0.1274   0.9421   0.0683
  -6.000  -0.2499   0.01760   0.01138  -0.1279   0.9397   0.0791
  -5.500  -0.1845   0.01703   0.01084  -0.1304   0.9364   0.0965
  -5.000  -0.1089   0.01644   0.01028  -0.1347   0.9329   0.1205
  -4.500  -0.0319   0.01582   0.00982  -0.1394   0.9307   0.1585
  -4.000   0.0432   0.01544   0.00955  -0.1435   0.9287   0.1998
  -3.500   0.0933   0.01530   0.00956  -0.1427   0.9225   0.2415
  -3.000   0.1471   0.01507   0.00945  -0.1426   0.9156   0.2851
  -2.500   0.2156   0.01469   0.00920  -0.1451   0.9116   0.3342
  -2.000   0.2892   0.01417   0.00885  -0.1487   0.9085   0.3867
  -1.500   0.3653   0.01357   0.00842  -0.1525   0.9060   0.4381
  -1.000   0.4448   0.01291   0.00791  -0.1570   0.9042   0.4880
  -0.000   0.5546   0.01225   0.00753  -0.1558   0.8870   0.5709
   0.500   0.6345   0.01125   0.00668  -0.1599   0.8839   0.6132
   1.000   0.7182   0.01023   0.00577  -0.1648   0.8802   0.6500
   1.500   0.7637   0.00994   0.00560  -0.1618   0.8654   0.6784
   2.000   0.8431   0.00900   0.00471  -0.1657   0.8541   0.7048
   2.500   0.8898   0.00869   0.00448  -0.1629   0.8257   0.7261
   3.000   0.9471   0.00837   0.00398  -0.1622   0.7476   0.7463
   3.500   0.9846   0.00927   0.00423  -0.1578   0.6363   0.7655
   4.000   1.0168   0.01004   0.00475  -0.1526   0.5703   0.7855
   4.500   1.0474   0.01074   0.00526  -0.1473   0.5123   0.8067
   5.000   1.0817   0.01151   0.00587  -0.1429   0.4551   0.8308
   5.500   1.1158   0.01228   0.00649  -0.1386   0.3975   0.8675
   6.000   1.1462   0.01298   0.00707  -0.1336   0.3413   1.0000
   6.500   1.1846   0.01409   0.00789  -0.1307   0.2798   1.0000
   7.000   1.2218   0.01532   0.00879  -0.1277   0.2206   1.0000
   7.500   1.2572   0.01666   0.00982  -0.1244   0.1672   1.0000
   8.000   1.2920   0.01801   0.01095  -0.1210   0.1267   1.0000
   8.500   1.3250   0.01950   0.01223  -0.1174   0.0955   1.0000
   9.000   1.3574   0.02096   0.01360  -0.1138   0.0765   1.0000
   9.500   1.3901   0.02234   0.01500  -0.1102   0.0657   1.0000
  10.000   1.4194   0.02398   0.01668  -0.1063   0.0566   1.0000
  10.500   1.4460   0.02577   0.01847  -0.1021   0.0497   1.0000
  11.000   1.4689   0.02782   0.02066  -0.0976   0.0452   1.0000
  11.500   1.4948   0.02969   0.02262  -0.0937   0.0415   1.0000
  12.000   1.5045   0.03278   0.02579  -0.0881   0.0374   1.0000
  12.500   1.5253   0.03509   0.02827  -0.0842   0.0354   1.0000
  13.000   1.5432   0.03774   0.03108  -0.0803   0.0332   1.0000
  13.500   1.5564   0.04087   0.03434  -0.0764   0.0314   1.0000
  14.000   1.5552   0.04547   0.03908  -0.0717   0.0295   1.0000
  14.500   1.5563   0.05025   0.04409  -0.0679   0.0283   1.0000
  15.000   1.5642   0.05463   0.04870  -0.0655   0.0273   1.0000
  15.500   1.5682   0.05971   0.05401  -0.0636   0.0262   1.0000
  16.000   1.5696   0.06538   0.05987  -0.0625   0.0251   1.0000
  16.500   1.5674   0.07188   0.06655  -0.0622   0.0241   1.0000
  17.000   1.5590   0.07942   0.07427  -0.0625   0.0233   1.0000
  17.500   1.5400   0.08839   0.08348  -0.0630   0.0225   1.0000
  18.000   1.5195   0.09800   0.09340  -0.0646   0.0219   1.0000
  18.500   1.5061   0.10738   0.10306  -0.0678   0.0216   1.0000
  19.000   1.4882   0.11784   0.11382  -0.0720   0.0212   1.0000
  19.500   1.4667   0.12935   0.12563  -0.0775   0.0209   1.0000
  20.000   1.4408   0.14216   0.13874  -0.0845   0.0206   1.0000
  20.500   1.4074   0.15733   0.15425  -0.0938   0.0203   1.0000
  21.000   1.3585   0.17766   0.17498  -0.1074   0.0202   1.0000
