  
       XFOIL         Version 6.99
  
 Calculated polar for: NACA 3927                                       
  
 1 1 Reynolds number fixed          Mach number fixed         
  
 xtrf =   1.000 (top)        1.000 (bottom)  
 Mach =   0.000     Re =     0.452 e 6     Ncrit =   9.000
  
   alpha    CL        CD       CDp       CM     Top_Xtr  Bot_Xtr
  ------ -------- --------- --------- -------- -------- --------
 -25.000  -0.7066   0.25725   0.25387   0.0108   1.0000   0.0539
 -24.500  -0.6848   0.25515   0.25179   0.0087   1.0000   0.0547
 -24.000  -0.6632   0.25280   0.24944   0.0066   1.0000   0.0555
 -23.500  -0.6482   0.24819   0.24483   0.0037   1.0000   0.0570
 -23.000  -0.6889   0.22730   0.22387  -0.0052   1.0000   0.0638
 -22.500  -0.6682   0.22444   0.22102  -0.0072   1.0000   0.0648
 -22.000  -0.6521   0.22024   0.21682  -0.0096   1.0000   0.0666
 -21.000  -0.2815   0.16627   0.16371  -0.0234   1.0000   0.0683
 -20.500  -0.2916   0.15822   0.15563  -0.0254   1.0000   0.0679
 -20.000  -0.3291   0.14441   0.14177  -0.0296   1.0000   0.0735
 -19.500  -0.3130   0.14353   0.14092  -0.0294   0.9998   0.0746
 -19.000  -0.2954   0.13959   0.13697  -0.0327   0.9979   0.0769
 -18.500  -0.3239   0.12457   0.12185  -0.0418   0.9944   0.0857
 -18.000  -0.2931   0.12065   0.11790  -0.0477   0.9909   0.0884
 -16.500  -1.1491   0.06706   0.06155  -0.0637   1.0000   0.1244
 -16.000  -1.1537   0.06201   0.05652  -0.0631   1.0000   0.1292
 -15.500  -1.1581   0.05708   0.05155  -0.0624   1.0000   0.1332
 -15.000  -1.1555   0.05327   0.04764  -0.0610   1.0000   0.1369
 -14.500  -1.1567   0.04951   0.04375  -0.0589   1.0000   0.1394
 -14.000  -1.1674   0.04586   0.04014  -0.0552   1.0000   0.1450
 -13.500  -1.1448   0.04236   0.03663  -0.0576   0.9960   0.1504
 -13.000  -1.0931   0.03988   0.03401  -0.0638   0.9900   0.1560
 -12.500  -1.0497   0.03675   0.03086  -0.0679   0.9787   0.1634
 -12.000  -1.0031   0.03425   0.02836  -0.0726   0.9736   0.1707
 -11.500  -0.9427   0.03322   0.02723  -0.0778   0.9713   0.1767
 -11.000  -0.9171   0.02970   0.02373  -0.0769   0.9571   0.1852
 -10.000  -0.8306   0.02592   0.01987  -0.0788   0.9402   0.1991
  -9.500  -0.8178   0.02359   0.01756  -0.0740   0.9237   0.2082
  -9.000  -0.7983   0.02177   0.01577  -0.0696   0.9069   0.2163
  -8.500  -0.7472   0.02056   0.01448  -0.0700   0.8960   0.2234
  -8.000  -0.6920   0.01895   0.01294  -0.0716   0.8875   0.2359
  -7.500  -0.6170   0.01763   0.01164  -0.0763   0.8827   0.2472
  -7.000  -0.5547   0.01665   0.01063  -0.0785   0.8678   0.2579
  -6.500  -0.4688   0.01545   0.00949  -0.0854   0.8581   0.2728
  -6.000  -0.3922   0.01479   0.00873  -0.0900   0.8402   0.2827
  -5.500  -0.3000   0.01382   0.00781  -0.0982   0.8235   0.3009
  -5.000  -0.2374   0.01356   0.00744  -0.0999   0.7985   0.3109
  -4.500  -0.1693   0.01309   0.00697  -0.1030   0.7756   0.3280
  -4.000  -0.1034   0.01289   0.00667  -0.1053   0.7498   0.3411
  -3.500  -0.0477   0.01274   0.00647  -0.1056   0.7267   0.3548
  -3.000   0.0170   0.01260   0.00628  -0.1078   0.7018   0.3708
  -2.500   0.0713   0.01264   0.00624  -0.1076   0.6807   0.3812
  -2.000   0.1313   0.01254   0.00614  -0.1088   0.6575   0.4005
  -1.500   0.1881   0.01259   0.00616  -0.1091   0.6377   0.4150
  -1.000   0.2458   0.01267   0.00616  -0.1097   0.6152   0.4308
  -0.500   0.3035   0.01272   0.00626  -0.1103   0.5970   0.4481
  -0.000   0.3603   0.01298   0.00636  -0.1106   0.5754   0.4600
   0.500   0.4174   0.01301   0.00651  -0.1111   0.5585   0.4813
   1.000   0.4733   0.01335   0.00671  -0.1113   0.5368   0.4968
   1.500   0.5297   0.01345   0.00691  -0.1116   0.5227   0.5155
   2.000   0.5824   0.01382   0.00722  -0.1112   0.5030   0.5336
   2.500   0.6389   0.01406   0.00748  -0.1115   0.4889   0.5496
   3.000   0.6900   0.01441   0.00786  -0.1107   0.4719   0.5700
   3.500   0.7422   0.01488   0.00827  -0.1103   0.4559   0.5852
   4.000   0.7936   0.01520   0.00870  -0.1096   0.4419   0.6072
   4.500   0.8405   0.01584   0.00925  -0.1082   0.4232   0.6246
   5.000   0.8929   0.01620   0.00971  -0.1077   0.4129   0.6438
   5.500   0.9381   0.01679   0.01033  -0.1060   0.3980   0.6633
   6.000   0.9849   0.01751   0.01098  -0.1047   0.3837   0.6770
   6.500   1.0270   0.01807   0.01171  -0.1023   0.3721   0.6998
   7.000   1.0652   0.01903   0.01260  -0.0996   0.3572   0.7160
   7.500   1.1087   0.01973   0.01338  -0.0978   0.3467   0.7328
   8.000   1.1443   0.02065   0.01437  -0.0945   0.3350   0.7505
   8.500   1.1770   0.02202   0.01564  -0.0914   0.3199   0.7634
   9.000   1.2115   0.02289   0.01667  -0.0881   0.3122   0.7790
   9.500   1.2388   0.02425   0.01806  -0.0840   0.3013   0.7933
  10.000   1.2668   0.02607   0.01983  -0.0809   0.2884   0.8043
  10.500   1.2934   0.02736   0.02126  -0.0768   0.2808   0.8155
  11.000   1.3111   0.02927   0.02319  -0.0718   0.2710   0.8262
  11.500   1.3314   0.03166   0.02556  -0.0684   0.2596   0.8367
  12.000   1.3594   0.03343   0.02744  -0.0657   0.2522   0.8447
  12.500   1.3664   0.03595   0.03000  -0.0601   0.2436   0.8522
  13.000   1.3771   0.03886   0.03291  -0.0561   0.2331   0.8607
  13.500   1.4051   0.04158   0.03574  -0.0553   0.2264   0.8695
  14.000   1.4108   0.04452   0.03872  -0.0508   0.2186   0.8758
  14.500   1.4108   0.04837   0.04258  -0.0468   0.2087   0.8828
  15.000   1.4295   0.05169   0.04605  -0.0457   0.2034   0.8904
  15.500   1.4396   0.05546   0.04986  -0.0438   0.1960   0.8968
  16.000   1.4320   0.06034   0.05475  -0.0408   0.1877   0.9028
  16.500   1.4459   0.06410   0.05865  -0.0399   0.1824   0.9093
  17.000   1.4509   0.06904   0.06369  -0.0393   0.1761   0.9153
  17.500   1.4429   0.07424   0.06891  -0.0374   0.1692   0.9211
  18.000   1.4450   0.07917   0.07393  -0.0368   0.1632   0.9261
  18.500   1.4503   0.08448   0.07940  -0.0374   0.1583   0.9309
  19.000   1.4436   0.08991   0.08488  -0.0366   0.1526   0.9367
  19.500   1.4393   0.09547   0.09042  -0.0366   0.1455   0.9409
  20.000   1.4397   0.10134   0.09649  -0.0378   0.1420   0.9446
  20.500   1.4365   0.10764   0.10290  -0.0394   0.1372   0.9481
  21.000   1.4308   0.11327   0.10854  -0.0401   0.1321   0.9536
  21.500   1.4335   0.11814   0.11346  -0.0410   0.1271   0.9577
  22.000   1.4258   0.12511   0.12060  -0.0436   0.1232   0.9609
  22.500   1.4265   0.13102   0.12658  -0.0461   0.1189   0.9637
  23.000   1.4273   0.13680   0.13232  -0.0488   0.1139   0.9662
  23.500   1.4297   0.14231   0.13797  -0.0516   0.1107   0.9712
  24.000   1.4197   0.14965   0.14547  -0.0555   0.1071   0.9749
  24.500   1.4224   0.15530   0.15114  -0.0590   0.1032   0.9779
  25.000   1.4385   0.15874   0.15449  -0.0614   0.0986   0.9813
