  
       XFOIL         Version 6.99
  
 Calculated polar for: NACA 7539                                       
  
 1 1 Reynolds number fixed          Mach number fixed         
  
 xtrf =   1.000 (top)        1.000 (bottom)  
 Mach =   0.000     Re =     0.452 e 6     Ncrit =   9.000
  
   alpha    CL        CD       CDp       CM     Top_Xtr  Bot_Xtr
  ------ -------- --------- --------- -------- -------- --------
 -24.500   0.2180   0.21281   0.20918  -0.1434   0.9357   0.0810
 -23.500   0.2358   0.19973   0.19595  -0.1512   0.9172   0.0855
 -23.000   0.2664   0.19734   0.19357  -0.1540   0.9104   0.0865
 -22.500   0.2944   0.19457   0.19078  -0.1569   0.9010   0.0883
 -21.000   0.3311   0.17679   0.17279  -0.1673   0.8735   0.0923
 -20.500   0.3422   0.17098   0.16690  -0.1706   0.8637   0.0958
 -20.000   0.3725   0.16805   0.16384  -0.1734   0.8508   0.0969
 -18.500   0.3955   0.14857   0.14416  -0.1830   0.8257   0.1011
 -17.500  -0.1678   0.06793   0.06240  -0.1985   0.8201   0.1431
 -17.000  -0.1397   0.06568   0.06018  -0.2003   0.8110   0.1462
 -16.500  -0.1381   0.06081   0.05526  -0.2026   0.8028   0.1494
 -16.000  -0.1437   0.05546   0.04972  -0.2047   0.7927   0.1529
 -15.500  -0.1569   0.04959   0.04353  -0.2071   0.7801   0.1557
 -15.000  -0.1447   0.04639   0.04032  -0.2081   0.7736   0.1595
 -14.500  -0.1299   0.04339   0.03732  -0.2093   0.7648   0.1630
 -14.000  -0.1138   0.04055   0.03435  -0.2103   0.7543   0.1663
 -13.500  -0.1078   0.03711   0.03071  -0.2113   0.7428   0.1696
 -13.000  -0.0980   0.03428   0.02778  -0.2116   0.7358   0.1720
 -12.500  -0.0821   0.03210   0.02557  -0.2110   0.7269   0.1764
 -12.000  -0.0641   0.03025   0.02363  -0.2106   0.7161   0.1804
 -11.500  -0.0506   0.02824   0.02155  -0.2098   0.7067   0.1840
 -11.000  -0.0369   0.02664   0.01989  -0.2079   0.6991   0.1873
 -10.500  -0.0272   0.02511   0.01820  -0.2053   0.6902   0.1898
 -10.000  -0.0102   0.02392   0.01692  -0.2025   0.6793   0.1947
  -9.500  -0.0082   0.02284   0.01586  -0.1973   0.6718   0.1988
  -9.000  -0.0250   0.02203   0.01505  -0.1879   0.6639   0.2021
  -8.500  -0.0804   0.02147   0.01441  -0.1709   0.6550   0.2043
  -8.000  -0.1020   0.02115   0.01391  -0.1593   0.6441   0.2070
  -7.500  -0.1436   0.02101   0.01374  -0.1433   0.6381   0.2088
  -7.000  -0.1563   0.02079   0.01349  -0.1324   0.6306   0.2119
  -6.500  -0.1430   0.02038   0.01307  -0.1261   0.6223   0.2175
  -6.000  -0.1012   0.02016   0.01278  -0.1247   0.6127   0.2231
  -5.500  -0.0735   0.02021   0.01281  -0.1208   0.6065   0.2277
  -5.000  -0.0546   0.02042   0.01300  -0.1154   0.5998   0.2310
  -4.500  -0.0238   0.02024   0.01281  -0.1122   0.5922   0.2376
  -4.000   0.0201   0.02016   0.01269  -0.1112   0.5836   0.2446
  -3.500   0.0691   0.02029   0.01279  -0.1111   0.5762   0.2510
  -3.000   0.0923   0.02082   0.01332  -0.1068   0.5704   0.2551
  -2.500   0.1272   0.02100   0.01351  -0.1046   0.5633   0.2624
  -2.000   0.1702   0.02114   0.01365  -0.1037   0.5556   0.2710
  -1.500   0.2313   0.02124   0.01367  -0.1056   0.5467   0.2788
  -1.000   0.2552   0.02211   0.01457  -0.1019   0.5421   0.2832
  -0.500   0.2879   0.02268   0.01520  -0.0997   0.5356   0.2927
  -0.000   0.3285   0.02317   0.01574  -0.0988   0.5285   0.3025
   0.500   0.3816   0.02347   0.01593  -0.0996   0.5203   0.3109
   1.000   0.4234   0.02426   0.01671  -0.0990   0.5146   0.3158
   1.500   0.4480   0.02546   0.01805  -0.0962   0.5089   0.3293
   2.000   0.4850   0.02639   0.01905  -0.0951   0.5023   0.3399
   2.500   0.5289   0.02711   0.01969  -0.0949   0.4953   0.3483
   3.000   0.5868   0.02737   0.01987  -0.0966   0.4876   0.3592
   3.500   0.6030   0.02940   0.02211  -0.0933   0.4830   0.3729
   4.000   0.6349   0.03089   0.02368  -0.0920   0.4769   0.3840
   4.500   0.6714   0.03221   0.02495  -0.0913   0.4704   0.3919
   5.000   0.7221   0.03271   0.02542  -0.0923   0.4632   0.4104
   5.500   0.7515   0.03453   0.02739  -0.0910   0.4577   0.4252
   6.000   0.7729   0.03689   0.02984  -0.0890   0.4522   0.4360
   6.500   0.7977   0.03916   0.03213  -0.0875   0.4458   0.4471
   7.000   0.8376   0.04042   0.03347  -0.0877   0.4395   0.4715
   7.500   0.8921   0.04077   0.03380  -0.0892   0.4328   0.4889
   8.000   0.8977   0.04449   0.03765  -0.0861   0.4281   0.4998
   8.500   0.9105   0.04785   0.04123  -0.0841   0.4216   0.5281
   9.000   0.9439   0.04973   0.04315  -0.0839   0.4158   0.5492
   9.500   0.9950   0.05022   0.04362  -0.0852   0.4097   0.5807
  10.000   1.0070   0.05373   0.04737  -0.0832   0.4043   0.6108
  10.500   1.0030   0.05871   0.05256  -0.0802   0.3976   0.6406
  11.500   1.0698   0.06219   0.05657  -0.0798   0.3866   0.8008
  12.000   1.0774   0.06504   0.05982  -0.0766   0.3804   1.0000
  12.500   1.0426   0.07308   0.06803  -0.0722   0.3723   1.0000
  13.000   1.0703   0.07577   0.07066  -0.0724   0.3670   1.0000
  13.500   1.1183   0.07656   0.07131  -0.0740   0.3624   1.0000
  14.000   1.0844   0.08476   0.07967  -0.0702   0.3539   1.0000
  14.500   1.0613   0.09227   0.08729  -0.0676   0.3454   1.0000
  15.000   1.1015   0.09375   0.08868  -0.0689   0.3414   1.0000
  15.500   1.1625   0.09310   0.08788  -0.0714   0.3380   1.0000
  16.000   1.0349   0.11118   0.10634  -0.0640   0.3219   1.0000
  16.500   1.0849   0.11157   0.10664  -0.0659   0.3193   1.0000
  17.000   1.1393   0.11141   0.10638  -0.0681   0.3167   1.0000
  18.500   0.9627   0.14769   0.14310  -0.0627   0.2769   1.0000
  19.000   1.0122   0.14769   0.14304  -0.0648   0.2758   1.0000
  19.500   1.0635   0.14743   0.14272  -0.0669   0.2746   1.0000
  20.000   1.1159   0.14698   0.14221  -0.0690   0.2732   1.0000
