  
       XFOIL         Version 6.99
  
 Calculated polar for: NACA 9634                                       
  
 1 1 Reynolds number fixed          Mach number fixed         
  
 xtrf =   1.000 (top)        1.000 (bottom)  
 Mach =   0.000     Re =     0.452 e 6     Ncrit =   9.000
  
   alpha    CL        CD       CDp       CM     Top_Xtr  Bot_Xtr
  ------ -------- --------- --------- -------- -------- --------
 -25.000   0.2502   0.21319   0.20936  -0.1820   0.9252   0.0613
 -24.500   0.2737   0.20958   0.20574  -0.1858   0.9208   0.0632
 -22.500   0.3522   0.19022   0.18621  -0.2019   0.9011   0.0703
 -22.000   0.3753   0.18650   0.18249  -0.2054   0.8982   0.0730
 -20.500   0.4254   0.17093   0.16686  -0.2162   0.8860   0.0788
 -20.000   0.4531   0.16755   0.16344  -0.2196   0.8820   0.0808
 -19.500   0.6147   0.10625   0.10256  -0.2239   0.8489   0.0819
 -18.500   0.4948   0.15136   0.14715  -0.2297   0.8692   0.0885
 -18.000   0.5244   0.14863   0.14443  -0.2323   0.8657   0.0901
 -17.500   0.5458   0.14468   0.14048  -0.2352   0.8618   0.0937
 -16.000  -0.0003   0.05857   0.05325  -0.2537   0.8493   0.1218
 -15.500   0.0117   0.05571   0.05037  -0.2552   0.8429   0.1255
 -15.000   0.0156   0.05227   0.04694  -0.2561   0.8401   0.1283
 -14.500   0.0129   0.04868   0.04331  -0.2564   0.8359   0.1315
 -14.000  -0.0014   0.04420   0.03870  -0.2568   0.8304   0.1344
 -13.500  -0.0107   0.03994   0.03425  -0.2575   0.8253   0.1365
 -13.000   0.0137   0.03798   0.03231  -0.2580   0.8209   0.1408
 -12.500   0.0276   0.03596   0.03024  -0.2584   0.8134   0.1440
 -12.000  -0.0146   0.03410   0.02840  -0.2493   0.8081   0.1463
 -11.500  -0.1505   0.03327   0.02756  -0.2230   0.7958   0.1466
 -11.000  -0.1572   0.03075   0.02490  -0.2195   0.7907   0.1493
 -10.500  -0.4631   0.03219   0.02632  -0.1707   0.7632   0.1461
 -10.000  -0.4005   0.02979   0.02376  -0.1761   0.7615   0.1499
  -9.500  -0.3289   0.02770   0.02155  -0.1815   0.7601   0.1542
  -9.000  -0.2570   0.02602   0.01989  -0.1866   0.7582   0.1599
  -8.000  -0.2509   0.02769   0.02152  -0.1735   0.7358   0.1659
  -7.500  -0.1734   0.02645   0.02014  -0.1782   0.7343   0.1696
  -7.000  -0.0935   0.02477   0.01853  -0.1837   0.7329   0.1779
  -6.500  -0.0118   0.02357   0.01728  -0.1890   0.7308   0.1840
  -6.000   0.0770   0.02245   0.01602  -0.1954   0.7277   0.1888
  -5.500   0.0511   0.02445   0.01811  -0.1838   0.7117   0.1937
  -5.000   0.1250   0.02348   0.01717  -0.1878   0.7078   0.2017
  -4.500   0.2036   0.02250   0.01610  -0.1923   0.7039   0.2083
  -4.000   0.2949   0.02114   0.01465  -0.1991   0.6997   0.2171
  -3.500   0.2989   0.02269   0.01630  -0.1920   0.6853   0.2233
  -3.000   0.3595   0.02243   0.01599  -0.1938   0.6771   0.2308
  -2.500   0.4406   0.02156   0.01494  -0.1987   0.6699   0.2373
  -2.000   0.4543   0.02305   0.01655  -0.1934   0.6546   0.2473
  -1.500   0.5179   0.02279   0.01622  -0.1956   0.6448   0.2566
  -1.000   0.5550   0.02376   0.01713  -0.1938   0.6325   0.2628
  -0.500   0.5993   0.02436   0.01769  -0.1933   0.6199   0.2738
  -0.000   0.6589   0.02437   0.01764  -0.1950   0.6082   0.2852
   0.500   0.6882   0.02589   0.01917  -0.1923   0.5972   0.2928
   1.000   0.7382   0.02640   0.01956  -0.1925   0.5867   0.3025
   1.500   0.7929   0.02676   0.01995  -0.1937   0.5766   0.3169
   2.000   0.8125   0.02895   0.02221  -0.1898   0.5662   0.3260
   2.500   0.8566   0.02985   0.02300  -0.1892   0.5565   0.3329
   3.000   0.9174   0.02990   0.02303  -0.1913   0.5467   0.3519
   3.500   0.9413   0.03200   0.02528  -0.1882   0.5394   0.3636
   4.000   0.9703   0.03390   0.02716  -0.1859   0.5298   0.3723
   4.500   1.0192   0.03458   0.02775  -0.1863   0.5204   0.3879
   5.000   1.0623   0.03571   0.02898  -0.1860   0.5130   0.4048
   5.500   1.0900   0.03782   0.03116  -0.1837   0.5057   0.4161
   6.000   1.1239   0.03955   0.03286  -0.1823   0.4972   0.4258
   6.500   1.1721   0.04026   0.03357  -0.1827   0.4879   0.4495
   7.000   1.2029   0.04223   0.03562  -0.1810   0.4812   0.4639
   7.500   1.2277   0.04465   0.03808  -0.1787   0.4744   0.4719
   8.000   1.2606   0.04657   0.04007  -0.1776   0.4665   0.4959
   8.500   1.3039   0.04757   0.04103  -0.1774   0.4577   0.5147
   9.000   1.3315   0.04985   0.04336  -0.1756   0.4511   0.5255
   9.500   1.3516   0.05282   0.04647  -0.1732   0.4446   0.5455
  10.000   1.3786   0.05521   0.04894  -0.1716   0.4372   0.5645
  10.500   1.4148   0.05674   0.05036  -0.1708   0.4288   0.5781
  11.000   1.4441   0.05888   0.05258  -0.1695   0.4221   0.5949
  11.500   1.4559   0.06258   0.05645  -0.1667   0.4160   0.6113
  12.000   1.4734   0.06586   0.05976  -0.1645   0.4086   0.6241
  12.500   1.5039   0.06792   0.06176  -0.1636   0.4007   0.6378
  13.000   1.5372   0.06969   0.06361  -0.1629   0.3940   0.6566
  13.500   1.5404   0.07434   0.06841  -0.1599   0.3880   0.6684
  14.000   1.5467   0.07878   0.07295  -0.1574   0.3804   0.6822
  14.500   1.5781   0.08071   0.07487  -0.1569   0.3733   0.7017
  15.000   1.6105   0.08245   0.07664  -0.1565   0.3666   0.7221
  15.500   1.5905   0.08951   0.08399  -0.1525   0.3597   0.7423
  16.000   1.6020   0.09348   0.08814  -0.1510   0.3525   0.7857
  16.500   1.6283   0.09489   0.08970  -0.1497   0.3459   1.0000
  17.000   1.6391   0.09882   0.09367  -0.1483   0.3391   1.0000
  17.500   1.6192   0.10611   0.10112  -0.1456   0.3315   1.0000
  18.000   1.6280   0.11036   0.10537  -0.1447   0.3244   1.0000
  18.500   1.6681   0.11112   0.10600  -0.1453   0.3182   1.0000
  19.000   1.6561   0.11746   0.11250  -0.1436   0.3115   1.0000
  19.500   1.6387   0.12461   0.11977  -0.1422   0.3032   1.0000
  20.000   1.6653   0.12684   0.12194  -0.1426   0.2975   1.0000
  20.500   1.7125   0.12649   0.12146  -0.1436   0.2915   1.0000
  21.000   1.6531   0.13845   0.13373  -0.1418   0.2826   1.0000
  21.500   1.6595   0.14295   0.13824  -0.1422   0.2759   1.0000
  22.000   1.7011   0.14318   0.13838  -0.1432   0.2712   1.0000
  22.500   1.6804   0.15059   0.14593  -0.1433   0.2632   1.0000
  23.000   1.6628   0.15789   0.15334  -0.1439   0.2549   1.0000
  23.500   1.6951   0.15910   0.15448  -0.1451   0.2504   1.0000
  24.000   1.7462   0.15775   0.15302  -0.1462   0.2454   1.0000
  24.500   1.6722   0.17208   0.16767  -0.1476   0.2348   1.0000
  25.000   1.6986   0.17388   0.16944  -0.1490   0.2302   1.0000
