  
       XFOIL         Version 6.99
  
 Calculated polar for: NACA 8011                                       
  
 1 1 Reynolds number fixed          Mach number fixed         
  
 xtrf =   1.000 (top)        1.000 (bottom)  
 Mach =   0.000     Re =     0.452 e 6     Ncrit =   9.000
  
   alpha    CL        CD       CDp       CM     Top_Xtr  Bot_Xtr
  ------ -------- --------- --------- -------- -------- --------
 -24.500  -0.7009   0.24250   0.23980   0.0361   0.9999   0.0173
 -24.000  -0.6880   0.23520   0.23248   0.0308   0.9999   0.0174
 -23.500  -0.6753   0.22579   0.22308   0.0276   0.9999   0.0178
 -23.000  -0.6571   0.22004   0.21732   0.0261   0.9999   0.0184
 -22.500  -0.6405   0.21432   0.21160   0.0235   0.9999   0.0194
 -22.000  -0.6256   0.20774   0.20502   0.0202   0.9999   0.0206
 -21.500  -0.6125   0.20027   0.19755   0.0162   0.9999   0.0224
 -21.000  -0.6057   0.19183   0.18912   0.0092   0.9999   0.0237
 -20.500  -0.5957   0.18348   0.18077   0.0050   0.9999   0.0238
 -20.000  -0.5884   0.17379   0.17109   0.0029   0.9999   0.0248
 -19.500  -0.5713   0.16846   0.16575   0.0018   0.9999   0.0258
 -19.000  -0.5587   0.16202   0.15932  -0.0007   0.9999   0.0274
 -18.500  -0.5527   0.15372   0.15103  -0.0052   0.9999   0.0306
 -18.000  -0.5491   0.14448   0.14180  -0.0115   0.9999   0.0319
 -17.500  -0.5462   0.13492   0.13225  -0.0159   0.9999   0.0320
 -17.000  -0.5630   0.12045   0.11783  -0.0218   0.9999   0.0325
 -16.000  -0.9030   0.03643   0.03251  -0.0782   0.9999   0.0212
 -15.500  -0.8998   0.03214   0.02781  -0.0736   0.9999   0.0220
 -15.000  -0.8851   0.02881   0.02407  -0.0686   0.9999   0.0228
 -14.500  -0.8618   0.02638   0.02131  -0.0638   0.9999   0.0235
 -14.000  -0.8429   0.02240   0.01686  -0.0586   0.9999   0.0247
 -13.500  -0.8122   0.02020   0.01450  -0.0544   0.9999   0.0265
 -13.000  -0.7751   0.01904   0.01321  -0.0508   0.9999   0.0286
 -12.500  -0.7319   0.01809   0.01212  -0.0481   0.9995   0.0310
 -12.000  -0.6680   0.01580   0.00959  -0.0497   0.9955   0.0347
 -11.500  -0.5979   0.01479   0.00850  -0.0521   0.9915   0.0394
 -11.000  -0.5313   0.01361   0.00720  -0.0538   0.9866   0.0457
 -10.500  -0.4638   0.01280   0.00636  -0.0556   0.9800   0.0545
 -10.000  -0.3920   0.01185   0.00541  -0.0584   0.9750   0.0690
  -9.500  -0.3160   0.01111   0.00471  -0.0619   0.9715   0.0918
  -9.000  -0.2533   0.01037   0.00413  -0.0628   0.9624   0.1298
  -8.500  -0.1840   0.00968   0.00365  -0.0650   0.9550   0.1850
  -8.000  -0.1146   0.00902   0.00324  -0.0672   0.9481   0.2542
  -7.500  -0.0601   0.00850   0.00295  -0.0662   0.9332   0.3222
  -7.000  -0.0014   0.00801   0.00266  -0.0660   0.9202   0.3960
  -6.500   0.0526   0.00757   0.00244  -0.0648   0.9025   0.4714
  -6.000   0.1061   0.00719   0.00229  -0.0636   0.8831   0.5519
  -5.500   0.1593   0.00681   0.00218  -0.0623   0.8620   0.6412
  -5.000   0.2111   0.00647   0.00212  -0.0605   0.8386   0.7430
  -4.500   0.2600   0.00618   0.00214  -0.0579   0.8127   0.8585
  -4.000   0.3201   0.00617   0.00218  -0.0575   0.7843   0.9514
  -3.500   0.3994   0.00630   0.00217  -0.0620   0.7519   0.9910
  -3.000   0.4668   0.00646   0.00215  -0.0644   0.7152   1.0001
  -2.500   0.5164   0.00668   0.00220  -0.0630   0.6740   1.0001
  -2.000   0.5656   0.00695   0.00229  -0.0616   0.6293   1.0001
  -1.500   0.6144   0.00731   0.00244  -0.0601   0.5787   1.0001
  -1.000   0.6631   0.00776   0.00267  -0.0588   0.5229   1.0001
  -0.500   0.7114   0.00830   0.00295  -0.0575   0.4620   1.0001
  -0.000   0.7598   0.00893   0.00333  -0.0564   0.3943   1.0001
   0.500   0.8071   0.00972   0.00380  -0.0553   0.3200   1.0001
   1.500   0.8984   0.01180   0.00513  -0.0531   0.1636   1.0001
   2.000   0.9433   0.01296   0.00597  -0.0520   0.1060   1.0001
   2.500   0.9886   0.01406   0.00693  -0.0509   0.0739   1.0001
   3.000   1.0332   0.01518   0.00801  -0.0497   0.0565   1.0001
   3.500   1.0736   0.01667   0.00950  -0.0478   0.0450   1.0001
   4.000   1.1186   0.01760   0.01052  -0.0469   0.0399   1.0001
   4.500   1.1514   0.01959   0.01259  -0.0441   0.0337   1.0001
   5.000   1.1922   0.02072   0.01385  -0.0427   0.0312   1.0001
   5.500   1.2278   0.02216   0.01539  -0.0406   0.0284   1.0001
   6.000   1.2496   0.02439   0.01775  -0.0365   0.0260   1.0001
   6.500   1.2691   0.02709   0.02067  -0.0325   0.0244   1.0001
   7.000   1.2951   0.02889   0.02265  -0.0298   0.0229   1.0001
   7.500   1.3156   0.03124   0.02519  -0.0270   0.0215   1.0001
   8.000   1.3319   0.03399   0.02810  -0.0243   0.0204   1.0001
   8.500   1.3419   0.03753   0.03183  -0.0219   0.0195   1.0001
   9.000   1.3348   0.04354   0.03817  -0.0189   0.0185   1.0001
   9.500   1.3208   0.05055   0.04559  -0.0170   0.0181   1.0001
  10.000   1.3133   0.05692   0.05229  -0.0172   0.0178   1.0001
  10.500   1.2968   0.06508   0.06080  -0.0188   0.0176   1.0001
  11.000   1.2712   0.07548   0.07156  -0.0223   0.0174   1.0001
  11.500   1.2363   0.08860   0.08504  -0.0280   0.0173   1.0001
  12.000   1.1878   0.10598   0.10281  -0.0367   0.0173   1.0001
  12.500   1.1130   0.13127   0.12852  -0.0499   0.0177   1.0001
  13.500   0.9103   0.22262   0.22015  -0.0838   0.0249   1.0001
  14.000   0.9207   0.23235   0.22987  -0.0887   0.0248   1.0001
  14.500   0.9294   0.24320   0.24072  -0.0962   0.0221   1.0001
  15.000   0.9434   0.25052   0.24804  -0.1003   0.0203   1.0001
  15.500   0.9591   0.25639   0.25393  -0.1037   0.0193   1.0001
  16.000   0.9766   0.26153   0.25910  -0.1058   0.0186   1.0001
  16.500   0.9862   0.27253   0.27008  -0.1104   0.0181   1.0001
  17.000   1.0003   0.28034   0.27789  -0.1159   0.0180   1.0001
  17.500   1.0143   0.28891   0.28646  -0.1232   0.0161   1.0001
  18.000   1.0299   0.29528   0.29284  -0.1278   0.0147   1.0001
  18.500   1.0454   0.30108   0.29865  -0.1320   0.0139   1.0001
  19.000   1.0609   0.30638   0.30398  -0.1359   0.0134   1.0001
  19.500   1.0750   0.31441   0.31202  -0.1385   0.0129   1.0001
  20.000   1.0890   0.32183   0.31944  -0.1439   0.0128   1.0001
  20.500   1.1036   0.33035   0.32796  -0.1513   0.0121   1.0001
  21.000   1.1186   0.33768   0.33529  -0.1563   0.0108   1.0001
  21.500   1.1328   0.34427   0.34191  -0.1611   0.0101   1.0001
  22.000   1.1467   0.35054   0.34818  -0.1657   0.0096   1.0001
  22.500   1.1601   0.35636   0.35404  -0.1703   0.0093   1.0001
  23.000   1.1727   0.36216   0.35986  -0.1739   0.0090   1.0001
  23.500   1.1851   0.37088   0.36858  -0.1782   0.0088   1.0001
  24.000   1.1979   0.37797   0.37569  -0.1841   0.0087   1.0001
  24.500   1.2120   0.38569   0.38341  -0.1904   0.0085   1.0001
  25.000   1.2263   0.39364   0.39138  -0.1957   0.0073   1.0001
