  
       XFOIL         Version 6.99
  
 Calculated polar for: NACA 4624                                       
  
 1 1 Reynolds number fixed          Mach number fixed         
  
 xtrf =   1.000 (top)        1.000 (bottom)  
 Mach =   0.000     Re =     0.452 e 6     Ncrit =   9.000
  
   alpha    CL        CD       CDp       CM     Top_Xtr  Bot_Xtr
  ------ -------- --------- --------- -------- -------- --------
 -25.000  -0.4550   0.25154   0.24830  -0.0320   1.0000   0.0449
 -24.500  -0.4385   0.24904   0.24582  -0.0332   1.0000   0.0456
 -24.000  -0.4253   0.24631   0.24312  -0.0342   1.0000   0.0467
 -23.500  -0.4170   0.24276   0.23959  -0.0352   1.0000   0.0493
 -21.500  -0.4063   0.22669   0.22364  -0.0353   1.0000   0.0551
 -20.500  -0.3909   0.21285   0.20980  -0.0422   0.9985   0.0576
 -20.000  -0.3995   0.19626   0.19313  -0.0513   0.9965   0.0545
 -19.500  -0.4650   0.16849   0.16525  -0.0643   0.9946   0.0616
 -19.000  -0.4356   0.16371   0.16046  -0.0697   0.9925   0.0631
 -18.000  -0.9073   0.07207   0.06710  -0.1119   0.9898   0.0802
 -17.500  -0.8934   0.06597   0.06099  -0.1174   0.9879   0.0831
 -17.000  -0.8760   0.05980   0.05472  -0.1238   0.9863   0.0857
 -16.500  -0.8705   0.05432   0.04910  -0.1265   0.9797   0.0881
 -16.000  -0.8550   0.04887   0.04346  -0.1312   0.9744   0.0902
 -15.500  -0.8367   0.04396   0.03854  -0.1356   0.9704   0.0943
 -15.000  -0.8074   0.03944   0.03394  -0.1413   0.9674   0.0978
 -14.500  -0.7678   0.03560   0.02997  -0.1472   0.9651   0.1013
 -14.000  -0.7476   0.03239   0.02664  -0.1485   0.9575   0.1046
 -13.500  -0.7304   0.02900   0.02325  -0.1495   0.9479   0.1090
 -13.000  -0.6925   0.02635   0.02051  -0.1524   0.9422   0.1137
 -12.500  -0.6549   0.02435   0.01836  -0.1541   0.9357   0.1176
 -12.000  -0.6533   0.02229   0.01630  -0.1496   0.9230   0.1226
 -11.500  -0.6194   0.02069   0.01464  -0.1489   0.9151   0.1279
 -11.000  -0.5778   0.01981   0.01361  -0.1483   0.9082   0.1324
 -10.500  -0.5822   0.01905   0.01288  -0.1391   0.8962   0.1386
 -10.000  -0.5383   0.01813   0.01193  -0.1380   0.8886   0.1455
  -9.500  -0.4836   0.01719   0.01090  -0.1385   0.8827   0.1529
  -9.000  -0.4425   0.01659   0.01035  -0.1367   0.8750   0.1620
  -8.500  -0.4028   0.01624   0.00993  -0.1340   0.8665   0.1685
  -8.000  -0.3540   0.01541   0.00915  -0.1332   0.8591   0.1800
  -7.500  -0.2938   0.01487   0.00856  -0.1343   0.8532   0.1897
  -7.000  -0.2388   0.01432   0.00804  -0.1346   0.8454   0.2026
  -6.500  -0.1954   0.01404   0.00776  -0.1323   0.8374   0.2129
  -6.000  -0.1423   0.01347   0.00723  -0.1319   0.8289   0.2267
  -5.500  -0.0802   0.01305   0.00676  -0.1332   0.8214   0.2397
  -5.000  -0.0234   0.01267   0.00643  -0.1335   0.8125   0.2557
  -4.500   0.0247   0.01243   0.00620  -0.1319   0.8024   0.2686
  -4.000   0.0811   0.01198   0.00580  -0.1320   0.7926   0.2862
  -3.500   0.1452   0.01180   0.00553  -0.1335   0.7813   0.3007
  -3.000   0.1894   0.01149   0.00535  -0.1312   0.7696   0.3199
  -2.500   0.2489   0.01131   0.00507  -0.1316   0.7561   0.3343
  -2.000   0.2977   0.01108   0.00495  -0.1302   0.7417   0.3560
  -1.500   0.3507   0.01099   0.00476  -0.1293   0.7251   0.3714
  -1.000   0.3972   0.01085   0.00471  -0.1273   0.7068   0.3937
  -0.500   0.4492   0.01087   0.00459  -0.1263   0.6859   0.4111
  -0.000   0.4865   0.01084   0.00463  -0.1224   0.6645   0.4328
   0.500   0.5264   0.01096   0.00467  -0.1191   0.6423   0.4506
   1.000   0.5670   0.01115   0.00482  -0.1160   0.6190   0.4733
   1.500   0.6096   0.01141   0.00505  -0.1133   0.5983   0.4939
   2.000   0.6549   0.01173   0.00537  -0.1114   0.5796   0.5167
   2.500   0.6973   0.01213   0.00573  -0.1089   0.5596   0.5396
   3.000   0.7423   0.01251   0.00614  -0.1069   0.5434   0.5614
   3.500   0.7842   0.01297   0.00658  -0.1045   0.5250   0.5858
   4.000   0.8293   0.01342   0.00704  -0.1027   0.5098   0.6056
   4.500   0.8688   0.01396   0.00759  -0.0999   0.4929   0.6306
   5.000   0.9123   0.01450   0.00814  -0.0980   0.4780   0.6500
   5.500   0.9529   0.01506   0.00875  -0.0957   0.4624   0.6765
   6.000   0.9927   0.01573   0.00946  -0.0933   0.4474   0.7012
   6.500   1.0324   0.01640   0.01018  -0.0910   0.4329   0.7287
   7.000   1.0696   0.01715   0.01102  -0.0883   0.4176   0.7691
   7.500   1.1044   0.01775   0.01192  -0.0851   0.4048   0.8473
   8.000   1.1313   0.01857   0.01280  -0.0807   0.3885   1.0000
   8.500   1.1726   0.01946   0.01370  -0.0792   0.3772   1.0000
   9.000   1.2014   0.02095   0.01506  -0.0761   0.3612   1.0000
   9.500   1.2403   0.02204   0.01616  -0.0745   0.3500   1.0000
  10.000   1.2704   0.02360   0.01765  -0.0719   0.3356   1.0000
  10.500   1.3024   0.02514   0.01918  -0.0696   0.3235   1.0000
  11.000   1.3329   0.02681   0.02080  -0.0674   0.3103   1.0000
  11.500   1.3578   0.02885   0.02283  -0.0646   0.2975   1.0000
  12.000   1.3875   0.03071   0.02470  -0.0626   0.2857   1.0000
  12.500   1.4062   0.03334   0.02726  -0.0596   0.2722   1.0000
  13.000   1.4349   0.03544   0.02943  -0.0579   0.2621   1.0000
  13.500   1.4484   0.03863   0.03255  -0.0550   0.2489   1.0000
  14.000   1.4735   0.04109   0.03509  -0.0534   0.2396   1.0000
  14.500   1.4858   0.04464   0.03862  -0.0510   0.2281   1.0000
  15.000   1.5031   0.04789   0.04192  -0.0492   0.2183   1.0000
  15.500   1.5144   0.05180   0.04586  -0.0473   0.2082   1.0000
  16.000   1.5216   0.05608   0.05015  -0.0455   0.1979   1.0000
  16.500   1.5330   0.06021   0.05438  -0.0442   0.1897   1.0000
  17.000   1.5288   0.06591   0.06006  -0.0427   0.1794   1.0000
  17.500   1.5407   0.07011   0.06438  -0.0419   0.1724   1.0000
  18.000   1.5388   0.07588   0.07019  -0.0412   0.1644   1.0000
  18.500   1.5347   0.08188   0.07625  -0.0406   0.1564   1.0000
  19.000   1.5386   0.08711   0.08160  -0.0404   0.1497   1.0000
  19.500   1.5271   0.09419   0.08868  -0.0405   0.1422   1.0000
  20.000   1.5304   0.09960   0.09421  -0.0409   0.1365   1.0000
  20.500   1.5257   0.10609   0.10080  -0.0417   0.1304   1.0000
  21.000   1.5158   0.11300   0.10768  -0.0426   0.1231   1.0000
  21.500   1.5173   0.11885   0.11371  -0.0440   0.1191   1.0000
  22.000   1.5108   0.12571   0.12065  -0.0458   0.1139   1.0000
  22.500   1.5102   0.13154   0.12644  -0.0474   0.1079   1.0000
  23.000   1.5057   0.13837   0.13347  -0.0500   0.1043   1.0000
  23.500   1.5049   0.14455   0.13971  -0.0525   0.0997   1.0000
  24.000   1.5075   0.14992   0.14502  -0.0548   0.0945   1.0000
  24.500   1.5036   0.15670   0.15200  -0.0581   0.0917   1.0000
  25.000   1.5013   0.16319   0.15860  -0.0616   0.0881   1.0000
