  
       XFOIL         Version 6.99
  
 Calculated polar for: NACA 8630                                       
  
 1 1 Reynolds number fixed          Mach number fixed         
  
 xtrf =   1.000 (top)        1.000 (bottom)  
 Mach =   0.000     Re =     0.452 e 6     Ncrit =   9.000
  
   alpha    CL        CD       CDp       CM     Top_Xtr  Bot_Xtr
  ------ -------- --------- --------- -------- -------- --------
 -24.500   0.0879   0.21905   0.21549  -0.1563   0.9562   0.0543
 -24.000   0.1097   0.21473   0.21115  -0.1603   0.9517   0.0566
 -22.500   0.1661   0.19706   0.19340  -0.1741   0.9401   0.0616
 -22.000   0.1931   0.19322   0.18953  -0.1782   0.9347   0.0633
 -20.500   0.2332   0.17616   0.17242  -0.1879   0.9218   0.0701
 -20.000   0.2610   0.17266   0.16891  -0.1910   0.9175   0.0714
 -19.500   0.2828   0.16819   0.16440  -0.1944   0.9134   0.0751
 -18.000   0.3239   0.15138   0.14752  -0.2037   0.9006   0.0806
 -17.000  -0.2105   0.06496   0.06003  -0.2265   0.8909   0.1025
 -16.500  -0.1971   0.06089   0.05592  -0.2292   0.8863   0.1051
 -16.000  -0.2003   0.05519   0.05007  -0.2327   0.8803   0.1081
 -15.500  -0.2132   0.04959   0.04431  -0.2351   0.8746   0.1107
 -15.000  -0.2181   0.04514   0.03970  -0.2365   0.8693   0.1126
 -14.500  -0.2047   0.04246   0.03706  -0.2368   0.8639   0.1162
 -14.000  -0.1903   0.03939   0.03395  -0.2382   0.8588   0.1191
 -13.500  -0.1809   0.03599   0.03042  -0.2397   0.8538   0.1222
 -13.000  -0.1750   0.03358   0.02788  -0.2397   0.8470   0.1248
 -12.500  -0.1873   0.03145   0.02569  -0.2353   0.8411   0.1272
 -12.000  -0.2029   0.02957   0.02384  -0.2295   0.8336   0.1307
 -11.500  -0.2000   0.02734   0.02156  -0.2269   0.8275   0.1338
 -11.000  -0.1858   0.02513   0.01923  -0.2261   0.8214   0.1372
 -10.500  -0.4051   0.02583   0.01988  -0.1843   0.7987   0.1347
 -10.000  -0.3428   0.02438   0.01832  -0.1877   0.7963   0.1390
  -9.500  -0.2721   0.02287   0.01669  -0.1922   0.7943   0.1437
  -9.000  -0.2022   0.02164   0.01550  -0.1967   0.7918   0.1503
  -8.500  -0.2659   0.02393   0.01781  -0.1775   0.7743   0.1517
  -8.000  -0.2027   0.02311   0.01691  -0.1797   0.7709   0.1567
  -7.500  -0.1323   0.02196   0.01571  -0.1833   0.7687   0.1633
  -7.000  -0.0528   0.02076   0.01453  -0.1883   0.7668   0.1711
  -6.500   0.0311   0.01973   0.01340  -0.1938   0.7647   0.1773
  -6.000   0.1113   0.01871   0.01240  -0.1991   0.7617   0.1872
  -5.500   0.0999   0.02017   0.01393  -0.1883   0.7492   0.1919
  -5.000   0.1628   0.01967   0.01336  -0.1900   0.7435   0.1986
  -4.500   0.2380   0.01870   0.01240  -0.1941   0.7396   0.2093
  -4.000   0.3153   0.01792   0.01160  -0.1984   0.7355   0.2195
  -3.500   0.4081   0.01698   0.01055  -0.2055   0.7303   0.2297
  -3.000   0.4062   0.01806   0.01176  -0.1961   0.7175   0.2381
  -2.500   0.4644   0.01782   0.01149  -0.1970   0.7094   0.2482
  -2.000   0.5484   0.01694   0.01051  -0.2024   0.7024   0.2605
  -1.500   0.5643   0.01793   0.01160  -0.1963   0.6878   0.2710
  -1.000   0.6218   0.01783   0.01141  -0.1971   0.6767   0.2814
  -0.500   0.6675   0.01815   0.01171  -0.1961   0.6637   0.2939
  -0.000   0.7070   0.01869   0.01226  -0.1940   0.6478   0.3076
   0.500   0.7480   0.01938   0.01287  -0.1923   0.6333   0.3173
   1.000   0.7922   0.01992   0.01336  -0.1912   0.6187   0.3327
   1.500   0.8370   0.02053   0.01398  -0.1902   0.6051   0.3478
   2.000   0.8735   0.02154   0.01490  -0.1879   0.5912   0.3576
   2.500   0.9296   0.02174   0.01503  -0.1888   0.5778   0.3778
   3.000   0.9547   0.02339   0.01682  -0.1850   0.5679   0.3918
   3.500   0.9944   0.02439   0.01771  -0.1834   0.5556   0.4020
   4.000   1.0429   0.02500   0.01834  -0.1832   0.5441   0.4253
   4.500   1.0719   0.02666   0.02011  -0.1803   0.5351   0.4410
   5.000   1.1079   0.02795   0.02133  -0.1784   0.5244   0.4530
   5.500   1.1558   0.02859   0.02198  -0.1782   0.5125   0.4782
   6.000   1.1856   0.03033   0.02383  -0.1756   0.5050   0.4945
   6.500   1.2203   0.03181   0.02532  -0.1738   0.4955   0.5126
   7.000   1.2622   0.03279   0.02625  -0.1728   0.4835   0.5350
   7.500   1.2904   0.03479   0.02834  -0.1703   0.4761   0.5499
   8.000   1.3227   0.03652   0.03018  -0.1684   0.4678   0.5717
   8.500   1.3559   0.03813   0.03176  -0.1666   0.4582   0.5905
   9.000   1.3927   0.03950   0.03309  -0.1652   0.4482   0.6059
   9.500   1.4160   0.04198   0.03574  -0.1626   0.4410   0.6252
  10.000   1.4458   0.04394   0.03771  -0.1607   0.4326   0.6406
  10.500   1.4821   0.04529   0.03899  -0.1594   0.4216   0.6601
  11.000   1.5028   0.04811   0.04196  -0.1568   0.4148   0.6771
  11.500   1.5270   0.05067   0.04463  -0.1547   0.4073   0.6940
  12.000   1.5531   0.05296   0.04695  -0.1528   0.3983   0.7176
  12.500   1.5868   0.05453   0.04856  -0.1516   0.3886   0.7469
  13.500   1.6133   0.06063   0.05521  -0.1453   0.3743   1.0000
  14.000   1.6361   0.06327   0.05772  -0.1435   0.3642   1.0000
  14.500   1.6541   0.06651   0.06103  -0.1416   0.3575   1.0000
  15.000   1.6664   0.07036   0.06496  -0.1394   0.3500   1.0000
  15.500   1.6764   0.07435   0.06892  -0.1371   0.3411   1.0000
  16.000   1.7040   0.07643   0.07093  -0.1360   0.3323   1.0000
  16.500   1.7016   0.08179   0.07647  -0.1334   0.3257   1.0000
  17.000   1.7081   0.08624   0.08095  -0.1315   0.3173   1.0000
  17.500   1.7339   0.08842   0.08300  -0.1306   0.3080   1.0000
  18.000   1.7243   0.09468   0.08946  -0.1283   0.3014   1.0000
  18.500   1.7282   0.09946   0.09431  -0.1269   0.2936   1.0000
  19.000   1.7390   0.10331   0.09809  -0.1258   0.2847   1.0000
  19.500   1.7422   0.10805   0.10294  -0.1248   0.2775   1.0000
  20.000   1.7331   0.11430   0.10933  -0.1237   0.2697   1.0000
  20.500   1.7451   0.11803   0.11299  -0.1233   0.2615   1.0000
  21.000   1.7549   0.12200   0.11701  -0.1231   0.2542   1.0000
  21.500   1.7403   0.12901   0.12418  -0.1228   0.2466   1.0000
  22.000   1.7534   0.13260   0.12771  -0.1231   0.2387   1.0000
  22.500   1.7636   0.13647   0.13162  -0.1234   0.2315   1.0000
  23.000   1.7485   0.14359   0.13890  -0.1241   0.2241   1.0000
  23.500   1.7607   0.14719   0.14242  -0.1249   0.2164   1.0000
  24.000   1.7616   0.15213   0.14744  -0.1258   0.2093   1.0000
  24.500   1.7553   0.15818   0.15362  -0.1273   0.2024   1.0000
  25.000   1.7657   0.16195   0.15732  -0.1287   0.1950   1.0000
