  
       XFOIL         Version 6.99
  
 Calculated polar for: NACA 8818                                       
  
 1 1 Reynolds number fixed          Mach number fixed         
  
 xtrf =   1.000 (top)        1.000 (bottom)  
 Mach =   0.000     Re =     0.452 e 6     Ncrit =   9.000
  
   alpha    CL        CD       CDp       CM     Top_Xtr  Bot_Xtr
  ------ -------- --------- --------- -------- -------- --------
 -23.500  -0.4370   0.29032   0.28736  -0.0496   0.9582   0.0233
 -23.000  -0.4259   0.28685   0.28389  -0.0513   0.9581   0.0241
 -22.500  -0.4152   0.28289   0.27992  -0.0531   0.9579   0.0254
 -22.000  -0.4087   0.27708   0.27411  -0.0564   0.9577   0.0278
 -21.500  -0.4058   0.27208   0.26910  -0.0600   0.9574   0.0280
 -21.000  -0.3942   0.26773   0.26475  -0.0609   0.9571   0.0285
 -20.500  -0.3915   0.26852   0.26555  -0.0578   0.9567   0.0289
 -20.000  -0.3812   0.26479   0.26183  -0.0582   0.9566   0.0296
 -19.500  -0.3724   0.26043   0.25748  -0.0587   0.9566   0.0308
 -18.500  -0.3809   0.24571   0.24278  -0.0615   0.9565   0.0346
 -18.000  -0.3739   0.23883   0.23591  -0.0603   0.9564   0.0352
 -17.500  -0.3654   0.23451   0.23159  -0.0584   0.9562   0.0357
 -17.000  -0.3605   0.22963   0.22674  -0.0565   0.9560   0.0365
 -16.500  -0.3586   0.22404   0.22117  -0.0544   0.9556   0.0379
 -16.000  -0.3889   0.21295   0.21012  -0.0524   0.9533   0.0419
 -15.000  -0.1037   0.13933   0.13695  -0.0690   0.9386   0.0461
 -14.500  -0.1532   0.13243   0.13015  -0.0534   0.9308   0.0471
 -14.000  -0.1635   0.12545   0.12315  -0.0590   0.9269   0.0503
 -13.000  -0.3648   0.17227   0.16945  -0.0590   0.9489   0.0503
 -12.500  -0.8601   0.06910   0.06490  -0.1056   0.9446   0.0466
 -12.000  -0.8849   0.06210   0.05770  -0.1077   0.9425   0.0474
 -11.500  -0.8980   0.05669   0.05209  -0.1104   0.9406   0.0483
 -11.000  -0.8621   0.05290   0.04804  -0.1196   0.9396   0.0499
 -10.500  -0.8001   0.05183   0.04684  -0.1315   0.9387   0.0529
 -10.000  -0.7408   0.04956   0.04449  -0.1398   0.9385   0.0556
  -9.500  -0.6855   0.04590   0.04069  -0.1456   0.9381   0.0583
  -9.000  -0.6505   0.03970   0.03436  -0.1466   0.9285   0.0602
  -8.500  -0.5593   0.03858   0.03326  -0.1582   0.9264   0.0657
  -8.000  -0.4742   0.03855   0.03308  -0.1667   0.9246   0.0702
  -7.500  -0.3777   0.03838   0.03291  -0.1780   0.9234   0.0775
  -7.000  -0.2885   0.03902   0.03345  -0.1865   0.9223   0.0838
  -6.500  -0.1929   0.03985   0.03431  -0.1966   0.9215   0.0942
  -6.000  -0.0959   0.04114   0.03562  -0.2065   0.9209   0.1057
  -5.500  -0.0060   0.04371   0.03818  -0.2147   0.9198   0.1187
  -5.000   0.0325   0.03731   0.03181  -0.2121   0.8928   0.1291
  -4.500   0.1164   0.03719   0.03174  -0.2186   0.8884   0.1470
  -4.000   0.2026   0.03718   0.03177  -0.2254   0.8860   0.1668
  -3.500   0.2888   0.03721   0.03185  -0.2320   0.8844   0.1898
  -3.000   0.3753   0.03725   0.03194  -0.2386   0.8833   0.2145
  -2.500   0.4620   0.03729   0.03203  -0.2451   0.8824   0.2405
  -1.000   0.6711   0.03501   0.03004  -0.2543   0.8632   0.3250
  -0.500   0.7525   0.03429   0.02940  -0.2594   0.8619   0.3551
  -0.000   0.7813   0.03365   0.02881  -0.2542   0.8391   0.3738
   2.000   1.0464   0.03063   0.02605  -0.2618   0.7781   0.4863
   2.500   1.1347   0.02862   0.02405  -0.2677   0.7615   0.5182
   3.000   1.2250   0.02641   0.02171  -0.2740   0.7368   0.5463
   3.500   1.2858   0.02601   0.02113  -0.2748   0.7019   0.5698
   4.000   1.3325   0.02639   0.02141  -0.2729   0.6679   0.5917
   4.500   1.3744   0.02710   0.02199  -0.2702   0.6355   0.6116
   5.000   1.4124   0.02795   0.02274  -0.2667   0.6040   0.6300
   5.500   1.4510   0.02890   0.02359  -0.2635   0.5751   0.6468
   6.000   1.4869   0.02981   0.02450  -0.2597   0.5473   0.6628
   6.500   1.5235   0.03085   0.02546  -0.2561   0.5196   0.6775
   7.000   1.5563   0.03198   0.02653  -0.2519   0.4916   0.6904
   7.500   1.5844   0.03336   0.02783  -0.2468   0.4637   0.7009
   8.000   1.6133   0.03485   0.02921  -0.2421   0.4345   0.7131
   8.500   1.6462   0.03611   0.03042  -0.2381   0.4082   0.7225
   9.000   1.6745   0.03742   0.03171  -0.2333   0.3815   0.7295
   9.500   1.7010   0.03891   0.03314  -0.2284   0.3546   0.7383
  10.000   1.7285   0.04072   0.03485  -0.2240   0.3269   0.7483
  10.500   1.7493   0.04291   0.03698  -0.2186   0.2999   0.7550
  11.000   1.7675   0.04502   0.03901  -0.2128   0.2726   0.7605
  11.500   1.7866   0.04730   0.04122  -0.2075   0.2460   0.7669
  12.000   1.8036   0.05002   0.04389  -0.2023   0.2218   0.7750
  12.500   1.8207   0.05299   0.04680  -0.1975   0.1982   0.7829
  13.000   1.8331   0.05601   0.04982  -0.1921   0.1777   0.7872
  13.500   1.8401   0.05972   0.05353  -0.1865   0.1587   0.7922
  14.000   1.8425   0.06416   0.05794  -0.1811   0.1406   0.7988
  14.500   1.8490   0.06860   0.06242  -0.1768   0.1272   0.8056
  15.000   1.8544   0.07327   0.06717  -0.1729   0.1151   0.8100
  15.500   1.8500   0.07888   0.07280  -0.1686   0.1034   0.8139
  16.000   1.8541   0.08364   0.07770  -0.1654   0.0955   0.8194
  16.500   1.8437   0.09030   0.08442  -0.1622   0.0870   0.8245
  17.000   1.8472   0.09565   0.08994  -0.1604   0.0818   0.8290
  17.500   1.8399   0.10238   0.09675  -0.1588   0.0760   0.8323
  18.000   1.8341   0.10886   0.10339  -0.1576   0.0712   0.8358
  18.500   1.8335   0.11469   0.10938  -0.1569   0.0670   0.8406
  19.000   1.8219   0.12215   0.11694  -0.1571   0.0628   0.8450
  19.500   1.8149   0.12906   0.12401  -0.1577   0.0596   0.8485
  20.000   1.8160   0.13496   0.13008  -0.1587   0.0567   0.8515
  20.500   1.8109   0.14188   0.13712  -0.1605   0.0540   0.8545
  21.000   1.7979   0.14982   0.14513  -0.1629   0.0507   0.8572
  21.500   1.8002   0.15564   0.15115  -0.1650   0.0490   0.8611
  22.000   1.7997   0.16199   0.15768  -0.1677   0.0470   0.8653
  22.500   1.7963   0.16891   0.16471  -0.1712   0.0449   0.8682
  23.000   1.7922   0.17570   0.17153  -0.1748   0.0424   0.8705
  23.500   1.7916   0.18210   0.17810  -0.1786   0.0409   0.8725
  24.000   1.7935   0.18826   0.18444  -0.1826   0.0395   0.8754
  24.500   1.7916   0.19508   0.19142  -0.1873   0.0381   0.8780
  25.000   1.7922   0.20135   0.19780  -0.1918   0.0367   0.8809
