  
       XFOIL         Version 6.99
  
 Calculated polar for: NACA 7723                                       
  
 1 1 Reynolds number fixed          Mach number fixed         
  
 xtrf =   1.000 (top)        1.000 (bottom)  
 Mach =   0.000     Re =     0.452 e 6     Ncrit =   9.000
  
   alpha    CL        CD       CDp       CM     Top_Xtr  Bot_Xtr
  ------ -------- --------- --------- -------- -------- --------
 -25.000  -0.1836   0.24112   0.23772  -0.1206   0.9696   0.0377
 -24.500  -0.1519   0.23639   0.23297  -0.1269   0.9689   0.0384
 -24.000  -0.1219   0.23134   0.22790  -0.1336   0.9681   0.0395
 -23.500  -0.0957   0.22570   0.22223  -0.1401   0.9669   0.0418
 -21.500  -0.0675   0.20781   0.20436  -0.1428   0.9525   0.0469
 -19.500   0.0195   0.18111   0.17756  -0.1653   0.9483   0.0544
 -19.000   0.0458   0.17632   0.17275  -0.1700   0.9473   0.0578
 -17.500  -0.4847   0.08525   0.08086  -0.1797   0.9291   0.0685
 -17.000  -0.5206   0.07510   0.07044  -0.1849   0.9266   0.0700
 -16.500  -0.5261   0.06894   0.06415  -0.1882   0.9248   0.0722
 -16.000  -0.5181   0.06420   0.05938  -0.1914   0.9233   0.0744
 -15.500  -0.5075   0.05902   0.05410  -0.1960   0.9218   0.0765
 -14.000  -0.6991   0.05316   0.04806  -0.1600   0.9009   0.0788
 -13.500  -0.7033   0.04913   0.04386  -0.1605   0.8991   0.0804
 -13.000  -0.7037   0.04589   0.04049  -0.1604   0.8969   0.0823
 -12.500  -0.9011   0.04520   0.03981  -0.1263   0.8886   0.0803
 -12.000  -0.8957   0.04142   0.03587  -0.1265   0.8818   0.0821
 -11.500  -0.8439   0.03804   0.03247  -0.1339   0.8784   0.0864
 -11.000  -0.7692   0.03604   0.03037  -0.1424   0.8761   0.0906
 -10.500  -0.6852   0.03425   0.02842  -0.1515   0.8744   0.0951
 -10.000  -0.6033   0.03295   0.02714  -0.1595   0.8731   0.1010
  -9.500  -0.5232   0.03279   0.02685  -0.1657   0.8714   0.1061
  -9.000  -0.5270   0.03173   0.02580  -0.1580   0.8568   0.1101
  -8.500  -0.4515   0.03090   0.02498  -0.1631   0.8537   0.1171
  -8.000  -0.3748   0.03026   0.02425  -0.1679   0.8515   0.1234
  -7.500  -0.2948   0.02947   0.02353  -0.1737   0.8499   0.1335
  -7.000  -0.2124   0.02877   0.02276  -0.1792   0.8485   0.1419
  -6.500  -0.1329   0.02821   0.02226  -0.1844   0.8471   0.1536
  -5.500  -0.0393   0.02774   0.02184  -0.1830   0.8285   0.1730
  -5.000   0.0378   0.02706   0.02113  -0.1873   0.8263   0.1856
  -4.500   0.1167   0.02621   0.02035  -0.1918   0.8244   0.2007
  -4.000   0.1955   0.02540   0.01959  -0.1963   0.8230   0.2172
  -3.500   0.2756   0.02451   0.01869  -0.2008   0.8217   0.2317
  -3.000   0.3569   0.02352   0.01782  -0.2057   0.8206   0.2528
  -1.500   0.5325   0.02186   0.01628  -0.2076   0.7980   0.3046
  -1.000   0.6105   0.02054   0.01504  -0.2114   0.7963   0.3263
  -0.500   0.6895   0.01925   0.01381  -0.2155   0.7942   0.3493
   1.000   0.8287   0.01910   0.01371  -0.2104   0.7286   0.4055
   1.500   0.9138   0.01751   0.01203  -0.2153   0.7052   0.4327
   2.000   0.9782   0.01713   0.01140  -0.2168   0.6773   0.4527
   2.500   1.0296   0.01745   0.01161  -0.2161   0.6495   0.4771
   3.000   1.0680   0.01835   0.01244  -0.2132   0.6269   0.4952
   3.500   1.1100   0.01911   0.01322  -0.2111   0.6066   0.5188
   4.000   1.1497   0.01998   0.01394  -0.2085   0.5842   0.5369
   4.500   1.1912   0.02082   0.01489  -0.2064   0.5682   0.5610
   5.000   1.2295   0.02180   0.01569  -0.2036   0.5466   0.5775
   5.500   1.2666   0.02289   0.01694  -0.2009   0.5326   0.6015
   6.000   1.3024   0.02401   0.01789  -0.1978   0.5121   0.6179
   6.500   1.3419   0.02500   0.01902  -0.1955   0.4991   0.6383
   7.000   1.3752   0.02628   0.02018  -0.1922   0.4802   0.6548
   7.500   1.4138   0.02737   0.02134  -0.1899   0.4671   0.6695
   8.000   1.4425   0.02897   0.02290  -0.1860   0.4497   0.6845
   8.500   1.4797   0.03020   0.02414  -0.1836   0.4358   0.6968
   9.000   1.5114   0.03166   0.02558  -0.1804   0.4196   0.7096
   9.500   1.5443   0.03309   0.02704  -0.1775   0.4052   0.7226
  10.000   1.5723   0.03494   0.02886  -0.1741   0.3901   0.7323
  10.500   1.6008   0.03670   0.03063  -0.1709   0.3750   0.7450
  11.000   1.6315   0.03842   0.03239  -0.1680   0.3609   0.7564
  11.500   1.6531   0.04080   0.03472  -0.1642   0.3452   0.7660
  12.000   1.6812   0.04278   0.03680  -0.1614   0.3324   0.7784
  12.500   1.6999   0.04547   0.03942  -0.1575   0.3159   0.7884
  13.000   1.7251   0.04780   0.04186  -0.1547   0.3042   0.7992
  13.500   1.7366   0.05115   0.04518  -0.1505   0.2877   0.8112
  14.000   1.7614   0.05365   0.04780  -0.1481   0.2769   0.8219
  14.500   1.7674   0.05779   0.05193  -0.1440   0.2616   0.8359
  15.000   1.7861   0.06092   0.05522  -0.1414   0.2509   0.8586
  15.500   1.7852   0.06521   0.05960  -0.1370   0.2372   1.0000
  16.000   1.7951   0.06946   0.06394  -0.1344   0.2263   1.0000
  16.500   1.7952   0.07467   0.06914  -0.1316   0.2138   1.0000
  17.000   1.8000   0.07949   0.07403  -0.1293   0.2028   1.0000
  17.500   1.7973   0.08523   0.07981  -0.1270   0.1919   1.0000
  18.000   1.7941   0.09102   0.08566  -0.1251   0.1814   1.0000
  18.500   1.7934   0.09662   0.09132  -0.1236   0.1718   1.0000
  19.000   1.7804   0.10363   0.09835  -0.1223   0.1613   1.0000
  19.500   1.7847   0.10867   0.10350  -0.1216   0.1537   1.0000
  20.000   1.7697   0.11613   0.11096  -0.1212   0.1443   1.0000
  20.500   1.7694   0.12184   0.11681  -0.1213   0.1375   1.0000
  21.000   1.7635   0.12827   0.12326  -0.1218   0.1297   1.0000
  21.500   1.7550   0.13508   0.13014  -0.1228   0.1226   1.0000
  22.000   1.7573   0.14045   0.13562  -0.1238   0.1168   1.0000
  22.500   1.7449   0.14783   0.14300  -0.1257   0.1100   1.0000
  23.000   1.7479   0.15308   0.14837  -0.1273   0.1048   1.0000
  23.500   1.7430   0.15961   0.15499  -0.1297   0.0996   1.0000
  24.000   1.7400   0.16565   0.16097  -0.1321   0.0935   1.0000
  24.500   1.7395   0.17166   0.16716  -0.1350   0.0902   1.0000
  25.000   1.7404   0.17734   0.17293  -0.1379   0.0860   1.0000
