  
       XFOIL         Version 6.99
  
 Calculated polar for: NACA 3129                                       
  
 1 1 Reynolds number fixed          Mach number fixed         
  
 xtrf =   1.000 (top)        1.000 (bottom)  
 Mach =   0.000     Re =     0.452 e 6     Ncrit =   9.000
  
   alpha    CL        CD       CDp       CM     Top_Xtr  Bot_Xtr
  ------ -------- --------- --------- -------- -------- --------
 -23.500  -0.4003   0.22992   0.22663  -0.0196   1.0000   0.0440
 -23.000  -0.3773   0.22621   0.22295  -0.0222   1.0000   0.0447
 -22.500  -0.3569   0.22193   0.21870  -0.0251   1.0000   0.0457
 -22.000  -0.3401   0.21672   0.21351  -0.0285   1.0000   0.0475
 -21.500  -0.8139   0.11169   0.10671  -0.0768   1.0000   0.0449
 -21.000  -0.8200   0.10476   0.09964  -0.0797   1.0000   0.0453
 -20.500  -0.8244   0.09822   0.09297  -0.0822   1.0000   0.0459
 -20.000  -0.8240   0.09264   0.08727  -0.0839   1.0000   0.0466
 -19.500  -0.8246   0.08732   0.08185  -0.0849   1.0000   0.0472
 -19.000  -0.8212   0.08297   0.07738  -0.0849   1.0000   0.0478
 -18.500  -0.8176   0.07901   0.07332  -0.0842   1.0000   0.0483
 -18.000  -0.8159   0.07536   0.06957  -0.0827   1.0000   0.0489
 -17.500  -0.8133   0.07245   0.06659  -0.0803   1.0000   0.0495
 -17.000  -0.8157   0.06975   0.06382  -0.0770   1.0000   0.0499
 -16.500  -0.8018   0.06625   0.06023  -0.0771   0.9987   0.0504
 -16.000  -0.7608   0.06263   0.05652  -0.0807   0.9955   0.0511
 -15.500  -0.7081   0.06077   0.05473  -0.0827   0.9923   0.0527
 -15.000  -0.6629   0.05735   0.05132  -0.0869   0.9888   0.0538
 -14.500  -0.6155   0.05383   0.04779  -0.0916   0.9859   0.0550
 -14.000  -0.5741   0.05045   0.04438  -0.0950   0.9802   0.0563
 -13.500  -0.5326   0.04698   0.04087  -0.0984   0.9711   0.0577
 -13.000  -0.4889   0.04390   0.03773  -0.1016   0.9612   0.0591
 -12.500  -0.4617   0.04115   0.03490  -0.1012   0.9422   0.0598
 -12.000  -0.4452   0.03827   0.03199  -0.0990   0.9220   0.0616
 -11.500  -0.4302   0.03538   0.02902  -0.0968   0.8978   0.0630
 -11.000  -0.4126   0.03262   0.02615  -0.0950   0.8735   0.0645
 -10.500  -0.3931   0.03007   0.02344  -0.0932   0.8494   0.0661
 -10.000  -0.3703   0.02788   0.02110  -0.0913   0.8246   0.0678
  -9.500  -0.3444   0.02594   0.01900  -0.0896   0.8011   0.0694
  -9.000  -0.3277   0.02366   0.01649  -0.0867   0.7752   0.0714
  -8.500  -0.3103   0.02157   0.01433  -0.0836   0.7553   0.0745
  -8.000  -0.2828   0.02023   0.01281  -0.0808   0.7315   0.0776
  -7.500  -0.2516   0.01913   0.01159  -0.0782   0.7119   0.0805
  -7.000  -0.2262   0.01797   0.01026  -0.0745   0.6903   0.0850
  -6.500  -0.1967   0.01699   0.00919  -0.0709   0.6710   0.0912
  -5.500  -0.1884   0.01373   0.00669  -0.0552   0.6360   0.2689
  -5.000  -0.1724   0.01326   0.00633  -0.0480   0.6145   0.3237
  -4.500  -0.1447   0.01296   0.00618  -0.0426   0.6020   0.3564
  -4.000  -0.1121   0.01281   0.00603  -0.0380   0.5836   0.3830
  -3.500  -0.0740   0.01268   0.00595  -0.0345   0.5682   0.4055
  -3.000  -0.0324   0.01267   0.00588  -0.0316   0.5525   0.4255
  -2.500   0.0049   0.01262   0.00586  -0.0279   0.5350   0.4480
  -2.000   0.0491   0.01263   0.00582  -0.0255   0.5207   0.4623
  -1.500   0.0849   0.01267   0.00582  -0.0216   0.5005   0.4845
  -1.000   0.1278   0.01266   0.00583  -0.0189   0.4887   0.5010
  -0.500   0.1631   0.01265   0.00586  -0.0149   0.4734   0.5243
  -0.000   0.2008   0.01278   0.00593  -0.0113   0.4594   0.5394
   0.500   0.2336   0.01274   0.00601  -0.0069   0.4452   0.5663
   1.000   0.2696   0.01306   0.00619  -0.0033   0.4281   0.5820
   1.500   0.3118   0.01313   0.00639  -0.0009   0.4153   0.6056
   2.000   0.3490   0.01357   0.00672   0.0022   0.3993   0.6229
   2.500   0.3934   0.01373   0.00703   0.0040   0.3884   0.6486
   3.000   0.4338   0.01418   0.00740   0.0063   0.3741   0.6668
   3.500   0.4729   0.01458   0.00792   0.0087   0.3613   0.6953
   4.000   0.5155   0.01503   0.00839   0.0103   0.3491   0.7188
   4.500   0.5496   0.01574   0.00912   0.0132   0.3345   0.7464
   5.000   0.5919   0.01624   0.00975   0.0148   0.3245   0.7750
   5.500   0.6260   0.01713   0.01061   0.0173   0.3105   0.8021
   6.000   0.6624   0.01794   0.01156   0.0195   0.2996   0.8342
   6.500   0.6933   0.01902   0.01267   0.0223   0.2864   0.8662
   7.000   0.7230   0.02023   0.01395   0.0251   0.2745   0.8969
   7.500   0.7491   0.02170   0.01541   0.0283   0.2613   0.9276
   8.000   0.7771   0.02344   0.01715   0.0307   0.2486   0.9570
   8.500   0.8184   0.02592   0.01952   0.0288   0.2317   0.9739
   9.000   0.8656   0.02845   0.02202   0.0258   0.2174   0.9860
   9.500   0.9159   0.03146   0.02495   0.0211   0.2022   0.9917
  10.000   0.9527   0.03549   0.02889   0.0173   0.1887   0.9986
  10.500   0.9577   0.03790   0.03132   0.0208   0.1827   1.0000
  11.000   0.9497   0.04075   0.03414   0.0259   0.1769   1.0000
  11.500   0.9442   0.04446   0.03780   0.0294   0.1709   1.0000
  12.000   0.9597   0.04726   0.04066   0.0308   0.1683   1.0000
  12.500   0.9742   0.05053   0.04398   0.0317   0.1654   1.0000
  13.000   0.9894   0.05390   0.04738   0.0322   0.1627   1.0000
  13.500   1.0005   0.05787   0.05136   0.0325   0.1603   1.0000
  14.000   1.0164   0.06134   0.05482   0.0326   0.1577   1.0000
  14.500   1.0373   0.06417   0.05764   0.0328   0.1551   1.0000
  15.000   1.0555   0.06758   0.06113   0.0326   0.1539   1.0000
  15.500   1.0739   0.07115   0.06478   0.0320   0.1529   1.0000
  16.000   1.0922   0.07475   0.06847   0.0313   0.1518   1.0000
  16.500   1.1055   0.07892   0.07274   0.0305   0.1507   1.0000
  17.000   1.1221   0.08274   0.07663   0.0296   0.1496   1.0000
  17.500   1.1380   0.08656   0.08054   0.0287   0.1486   1.0000
  18.000   1.1480   0.09111   0.08520   0.0276   0.1476   1.0000
  18.500   1.1587   0.09564   0.08982   0.0263   0.1467   1.0000
  19.000   1.1696   0.10015   0.09443   0.0249   0.1459   1.0000
  19.500   1.1713   0.10581   0.10023   0.0231   0.1451   1.0000
  20.000   1.1729   0.11153   0.10608   0.0212   0.1443   1.0000
  20.500   1.1619   0.11882   0.11354   0.0188   0.1436   1.0000
  21.000   1.1216   0.13028   0.12527   0.0150   0.1426   1.0000
