  
       XFOIL         Version 6.99
  
 Calculated polar for: NACA 8532                                       
  
 1 1 Reynolds number fixed          Mach number fixed         
  
 xtrf =   1.000 (top)        1.000 (bottom)  
 Mach =   0.000     Re =     0.452 e 6     Ncrit =   9.000
  
   alpha    CL        CD       CDp       CM     Top_Xtr  Bot_Xtr
  ------ -------- --------- --------- -------- -------- --------
 -24.500   0.0891   0.22099   0.21759  -0.1339   0.9656   0.0558
 -24.000   0.1218   0.21597   0.21255  -0.1405   0.9613   0.0575
 -22.000   0.1977   0.19519   0.19168  -0.1553   0.9333   0.0643
 -21.500   0.2194   0.19105   0.18753  -0.1585   0.9261   0.0667
 -19.500   0.2917   0.17111   0.16742  -0.1707   0.8935   0.0744
 -18.000   0.3084   0.14948   0.14553  -0.1811   0.8667   0.0783
 -17.500   0.3231   0.14361   0.13965  -0.1837   0.8606   0.0774
 -17.000  -0.0085   0.08750   0.08310  -0.1985   0.8595   0.0982
 -16.500   0.0687   0.09093   0.08659  -0.1986   0.8502   0.0981
 -16.000   0.1345   0.09296   0.08858  -0.1993   0.8399   0.0979
 -15.500   0.1945   0.09449   0.09013  -0.2004   0.8306   0.0976
 -15.000   0.2548   0.09631   0.09197  -0.2014   0.8217   0.0967
 -13.000  -0.1944   0.02918   0.02315  -0.2243   0.7854   0.1223
 -12.500  -0.1777   0.02660   0.02033  -0.2253   0.7745   0.1246
 -12.000  -0.1621   0.02447   0.01811  -0.2246   0.7652   0.1279
 -11.500  -0.1511   0.02267   0.01632  -0.2225   0.7567   0.1311
 -11.000  -0.1382   0.02139   0.01492  -0.2193   0.7474   0.1339
 -10.500  -0.1216   0.02065   0.01400  -0.2152   0.7356   0.1369
 -10.000  -0.1204   0.02019   0.01348  -0.2072   0.7286   0.1391
  -9.500  -0.1078   0.01951   0.01274  -0.2009   0.7201   0.1425
  -9.000  -0.0808   0.01889   0.01208  -0.1970   0.7114   0.1470
  -8.500  -0.0373   0.01858   0.01169  -0.1958   0.7018   0.1513
  -8.000  -0.0395   0.01825   0.01134  -0.1856   0.6943   0.1542
  -7.500  -0.0154   0.01800   0.01098  -0.1803   0.6860   0.1568
  -7.000   0.0260   0.01737   0.01033  -0.1786   0.6776   0.1638
  -6.500   0.0771   0.01722   0.01015  -0.1784   0.6690   0.1695
  -6.000   0.1026   0.01719   0.01008  -0.1734   0.6619   0.1736
  -5.500   0.1386   0.01699   0.00985  -0.1704   0.6539   0.1795
  -5.000   0.1890   0.01682   0.00966  -0.1701   0.6457   0.1870
  -4.500   0.2462   0.01687   0.00961  -0.1710   0.6373   0.1935
  -4.000   0.2785   0.01696   0.00972  -0.1674   0.6307   0.1992
  -3.500   0.3176   0.01699   0.00981  -0.1651   0.6228   0.2082
  -3.000   0.3673   0.01712   0.00985  -0.1647   0.6148   0.2160
  -2.500   0.4277   0.01718   0.00981  -0.1662   0.6062   0.2238
  -2.000   0.4596   0.01748   0.01025  -0.1629   0.6001   0.2342
  -1.500   0.4999   0.01784   0.01061  -0.1610   0.5924   0.2429
  -1.000   0.5460   0.01815   0.01082  -0.1601   0.5846   0.2504
  -0.500   0.6099   0.01817   0.01085  -0.1623   0.5757   0.2659
  -0.000   0.6377   0.01894   0.01170  -0.1586   0.5702   0.2748
   0.500   0.6760   0.01951   0.01227  -0.1566   0.5627   0.2841
   1.000   0.7193   0.01999   0.01279  -0.1556   0.5552   0.3003
   1.500   0.7837   0.02014   0.01282  -0.1578   0.5460   0.3124
   2.000   0.8085   0.02125   0.01405  -0.1541   0.5409   0.3255
   2.500   0.8438   0.02215   0.01508  -0.1522   0.5337   0.3422
   3.000   0.8823   0.02305   0.01594  -0.1506   0.5264   0.3538
   3.500   0.9377   0.02335   0.01619  -0.1517   0.5180   0.3749
   4.000   0.9690   0.02466   0.01764  -0.1494   0.5123   0.3921
   4.500   0.9995   0.02610   0.01912  -0.1471   0.5054   0.4029
   5.000   1.0331   0.02739   0.02051  -0.1454   0.4982   0.4304
   5.500   1.0803   0.02809   0.02116  -0.1454   0.4904   0.4505
   6.000   1.1179   0.02937   0.02254  -0.1444   0.4843   0.4769
   6.500   1.1426   0.03134   0.02468  -0.1419   0.4778   0.5017
   7.000   1.1694   0.03330   0.02672  -0.1398   0.4706   0.5308
   8.000   1.2525   0.03548   0.02906  -0.1391   0.4568   0.6149
   8.500   1.2655   0.03848   0.03241  -0.1358   0.4504   0.6850
   9.000   1.2805   0.04008   0.03469  -0.1315   0.4435   1.0000
   9.500   1.3187   0.04150   0.03598  -0.1310   0.4368   1.0000
  10.000   1.3605   0.04264   0.03703  -0.1309   0.4299   1.0000
  10.500   1.3604   0.04710   0.04162  -0.1271   0.4234   1.0000
  11.000   1.3820   0.04993   0.04444  -0.1255   0.4165   1.0000
  11.500   1.4151   0.05177   0.04618  -0.1248   0.4099   1.0000
  12.000   1.4501   0.05342   0.04778  -0.1243   0.4031   1.0000
  12.500   1.4446   0.05866   0.05317  -0.1208   0.3963   1.0000
  13.000   1.4535   0.06272   0.05726  -0.1186   0.3891   1.0000
  13.500   1.4895   0.06426   0.05870  -0.1184   0.3828   1.0000
  14.000   1.5127   0.06695   0.06141  -0.1173   0.3763   1.0000
  14.500   1.4934   0.07384   0.06847  -0.1137   0.3683   1.0000
  15.000   1.5130   0.07701   0.07163  -0.1128   0.3620   1.0000
  15.500   1.5550   0.07787   0.07238  -0.1132   0.3559   1.0000
  16.000   1.5314   0.08523   0.07993  -0.1099   0.3480   1.0000
  16.500   1.5273   0.09085   0.08564  -0.1081   0.3404   1.0000
  17.000   1.5523   0.09345   0.08819  -0.1079   0.3345   1.0000
  17.500   1.5931   0.09420   0.08886  -0.1084   0.3283   1.0000
  18.000   1.5327   0.10593   0.10088  -0.1047   0.3185   1.0000
  18.500   1.5544   0.10885   0.10378  -0.1047   0.3128   1.0000
  19.000   1.6014   0.10885   0.10368  -0.1058   0.3075   1.0000
  19.500   1.5415   0.12066   0.11576  -0.1032   0.2972   1.0000
  20.000   1.5558   0.12440   0.11952  -0.1035   0.2911   1.0000
  20.500   1.5994   0.12468   0.11971  -0.1046   0.2865   1.0000
  21.500   1.5532   0.14066   0.13595  -0.1044   0.2691   1.0000
  22.000   1.5968   0.14076   0.13597  -0.1056   0.2649   1.0000
  23.000   1.5630   0.15540   0.15084  -0.1073   0.2482   1.0000
  23.500   1.6041   0.15560   0.15096  -0.1086   0.2443   1.0000
  24.000   1.6569   0.15408   0.14935  -0.1099   0.2401   1.0000
  24.500   1.5775   0.16951   0.16508  -0.1118   0.2280   1.0000
  25.000   1.6164   0.16976   0.16527  -0.1133   0.2243   1.0000
