  
       XFOIL         Version 6.99
  
 Calculated polar for: NACA 3324                                       
  
 1 1 Reynolds number fixed          Mach number fixed         
  
 xtrf =   1.000 (top)        1.000 (bottom)  
 Mach =   0.000     Re =     0.452 e 6     Ncrit =   9.000
  
   alpha    CL        CD       CDp       CM     Top_Xtr  Bot_Xtr
  ------ -------- --------- --------- -------- -------- --------
 -25.000  -0.5344   0.26193   0.25874   0.0088   1.0000   0.0405
 -23.500  -0.4888   0.24343   0.24025  -0.0044   1.0000   0.0442
 -23.000  -0.4684   0.23910   0.23593  -0.0077   1.0000   0.0456
 -21.500  -0.8546   0.12588   0.12180  -0.0635   1.0000   0.0585
 -21.000  -0.8930   0.11319   0.10894  -0.0704   1.0000   0.0601
 -20.500  -0.9179   0.10258   0.09818  -0.0761   1.0000   0.0614
 -20.000  -0.9447   0.09203   0.08744  -0.0816   1.0000   0.0627
 -19.500  -0.9669   0.08243   0.07762  -0.0864   1.0000   0.0640
 -19.000  -0.9835   0.07394   0.06890  -0.0902   1.0000   0.0652
 -18.500  -0.9951   0.06654   0.06128  -0.0933   1.0000   0.0662
 -18.000  -1.0008   0.06050   0.05509  -0.0948   1.0000   0.0676
 -17.500  -1.0022   0.05545   0.05001  -0.0953   1.0000   0.0694
 -17.000  -1.0030   0.05092   0.04541  -0.0953   1.0000   0.0710
 -16.500  -1.0052   0.04696   0.04137  -0.0941   1.0000   0.0725
 -16.000  -1.0115   0.04351   0.03781  -0.0913   1.0000   0.0740
 -15.500  -1.0236   0.04062   0.03481  -0.0868   1.0000   0.0752
 -15.000  -1.0366   0.03816   0.03223  -0.0816   0.9998   0.0762
 -14.500  -1.0009   0.03449   0.02850  -0.0848   0.9954   0.0791
 -14.000  -0.9548   0.03159   0.02557  -0.0890   0.9902   0.0819
 -13.500  -0.9003   0.02929   0.02319  -0.0935   0.9865   0.0851
 -13.000  -0.8519   0.02737   0.02113  -0.0959   0.9782   0.0875
 -12.500  -0.8043   0.02481   0.01861  -0.0987   0.9710   0.0921
 -12.000  -0.7451   0.02310   0.01686  -0.1022   0.9642   0.0961
 -11.500  -0.7024   0.02183   0.01549  -0.1018   0.9499   0.0993
 -11.000  -0.6662   0.02016   0.01381  -0.1002   0.9344   0.1044
 -10.500  -0.6349   0.01913   0.01276  -0.0970   0.9150   0.1087
 -10.000  -0.5961   0.01829   0.01179  -0.0946   0.8970   0.1128
  -9.500  -0.5644   0.01719   0.01062  -0.0909   0.8748   0.1183
  -9.000  -0.5275   0.01645   0.00985  -0.0880   0.8519   0.1243
  -8.500  -0.4841   0.01598   0.00919  -0.0858   0.8302   0.1293
  -8.000  -0.4529   0.01520   0.00843  -0.0816   0.8097   0.1375
  -7.500  -0.4100   0.01481   0.00795  -0.0792   0.7898   0.1448
  -7.000  -0.3679   0.01429   0.00736  -0.0768   0.7684   0.1540
  -6.500  -0.3230   0.01390   0.00695  -0.0748   0.7484   0.1636
  -6.000  -0.2775   0.01356   0.00648  -0.0727   0.7254   0.1743
  -5.500  -0.2316   0.01320   0.00614  -0.0708   0.7050   0.1870
  -5.000  -0.1858   0.01290   0.00577  -0.0688   0.6821   0.2009
  -4.500  -0.1385   0.01267   0.00549  -0.0671   0.6598   0.2160
  -4.000  -0.0929   0.01235   0.00520  -0.0651   0.6392   0.2363
  -3.500  -0.0470   0.01218   0.00495  -0.0631   0.6149   0.2585
  -3.000  -0.0005   0.01187   0.00471  -0.0612   0.5958   0.2881
  -2.500   0.0411   0.01150   0.00451  -0.0585   0.5741   0.3459
  -2.000   0.0814   0.01115   0.00439  -0.0555   0.5517   0.4284
  -1.500   0.1268   0.01101   0.00439  -0.0533   0.5317   0.4866
  -1.000   0.1715   0.01110   0.00444  -0.0510   0.5087   0.5267
  -0.500   0.2202   0.01107   0.00449  -0.0494   0.4933   0.5628
  -0.000   0.2656   0.01123   0.00461  -0.0473   0.4735   0.5939
   0.500   0.3148   0.01128   0.00471  -0.0458   0.4599   0.6232
   1.500   0.4100   0.01161   0.00509  -0.0424   0.4347   0.6840
   2.000   0.4572   0.01175   0.00529  -0.0406   0.4246   0.7163
   2.500   0.5002   0.01204   0.00558  -0.0381   0.4124   0.7504
   3.000   0.5485   0.01225   0.00588  -0.0365   0.4058   0.7845
   3.500   0.5947   0.01244   0.00621  -0.0345   0.4000   0.8216
   4.000   0.6392   0.01276   0.00661  -0.0321   0.3929   0.8617
   4.500   0.6819   0.01323   0.00708  -0.0295   0.3846   0.8964
   5.000   0.7305   0.01381   0.00766  -0.0280   0.3769   0.9262
   5.500   0.7830   0.01427   0.00819  -0.0275   0.3731   0.9507
   6.000   0.8466   0.01483   0.00876  -0.0295   0.3671   0.9680
   6.500   0.9184   0.01550   0.00939  -0.0335   0.3608   0.9805
   7.000   0.9905   0.01630   0.01007  -0.0378   0.3524   0.9878
   7.500   1.0694   0.01703   0.01080  -0.0434   0.3458   0.9938
   8.000   1.1355   0.01761   0.01143  -0.0467   0.3411   1.0000
   8.500   1.1348   0.01786   0.01170  -0.0372   0.3365   1.0000
   9.000   1.1505   0.01831   0.01214  -0.0309   0.3314   1.0000
   9.500   1.1750   0.01906   0.01282  -0.0264   0.3250   1.0000
  10.000   1.2116   0.01988   0.01364  -0.0241   0.3182   1.0000
  10.500   1.2414   0.02075   0.01460  -0.0211   0.3142   1.0000
  11.000   1.2731   0.02172   0.01563  -0.0187   0.3085   1.0000
  11.500   1.3032   0.02290   0.01682  -0.0164   0.3024   1.0000
  12.000   1.3354   0.02425   0.01808  -0.0145   0.2936   1.0000
  12.500   1.3632   0.02573   0.01969  -0.0125   0.2893   1.0000
  13.000   1.3906   0.02737   0.02143  -0.0107   0.2833   1.0000
  13.500   1.4140   0.02938   0.02345  -0.0088   0.2764   1.0000
  14.000   1.4384   0.03142   0.02544  -0.0070   0.2677   1.0000
  14.500   1.4580   0.03403   0.02822  -0.0056   0.2624   1.0000
  15.000   1.4763   0.03687   0.03113  -0.0044   0.2552   1.0000
  15.500   1.4897   0.04007   0.03427  -0.0028   0.2460   1.0000
  16.000   1.5021   0.04372   0.03809  -0.0020   0.2402   1.0000
  16.500   1.5104   0.04784   0.04230  -0.0012   0.2325   1.0000
  17.000   1.5158   0.05211   0.04651  -0.0002   0.2230   1.0000
  17.500   1.5168   0.05738   0.05200  -0.0001   0.2171   1.0000
  18.000   1.5121   0.06317   0.05786   0.0000   0.2091   1.0000
  18.500   1.5061   0.06907   0.06379   0.0001   0.2007   1.0000
  19.000   1.4987   0.07557   0.07046  -0.0004   0.1936   1.0000
  19.500   1.4847   0.08271   0.07760  -0.0011   0.1851   1.0000
  20.000   1.4703   0.09011   0.08516  -0.0022   0.1780   1.0000
  20.500   1.4539   0.09790   0.09303  -0.0037   0.1701   1.0000
  21.000   1.4482   0.10428   0.09942  -0.0051   0.1624   1.0000
  21.500   1.4280   0.11290   0.10821  -0.0075   0.1554   1.0000
  22.000   1.4276   0.11854   0.11376  -0.0092   0.1471   1.0000
  22.500   1.4077   0.12729   0.12273  -0.0122   0.1414   1.0000
  23.000   1.4011   0.13417   0.12961  -0.0149   0.1344   1.0000
  23.500   1.3968   0.14073   0.13623  -0.0178   0.1281   1.0000
  24.000   1.3908   0.14774   0.14333  -0.0211   0.1220   1.0000
  24.500   1.3985   0.15248   0.14797  -0.0237   0.1155   1.0000
  25.000   1.3859   0.16056   0.15625  -0.0280   0.1107   1.0000
