  
       XFOIL         Version 6.99
  
 Calculated polar for: NACA 5323                                       
  
 1 1 Reynolds number fixed          Mach number fixed         
  
 xtrf =   1.000 (top)        1.000 (bottom)  
 Mach =   0.000     Re =     0.452 e 6     Ncrit =   9.000
  
   alpha    CL        CD       CDp       CM     Top_Xtr  Bot_Xtr
  ------ -------- --------- --------- -------- -------- --------
 -24.500  -0.4229   0.25629   0.25317  -0.0109   1.0000   0.0310
 -24.000  -0.4030   0.25189   0.24879  -0.0145   1.0000   0.0318
 -23.500  -0.3843   0.24701   0.24392  -0.0182   1.0000   0.0332
 -21.500  -0.3199   0.22383   0.22078  -0.0332   1.0000   0.0374
 -21.000  -0.3014   0.21938   0.21636  -0.0359   1.0000   0.0386
 -20.500  -0.2866   0.21410   0.21109  -0.0389   1.0000   0.0410
 -19.500  -0.0058   0.13044   0.12807  -0.0726   0.9806   0.0435
 -19.000   0.0230   0.12586   0.12349  -0.0774   0.9762   0.0451
 -18.500   0.0244   0.12022   0.11780  -0.0847   0.9732   0.0496
 -18.000   0.0540   0.11294   0.11051  -0.0905   0.9704   0.0502
 -17.500   0.0921   0.10803   0.10559  -0.0954   0.9661   0.0511
 -17.000   0.1164   0.10417   0.10173  -0.0985   0.9579   0.0527
 -16.000  -0.5262   0.09882   0.09569  -0.0827   0.9959   0.0533
 -15.500  -0.4546   0.09987   0.09681  -0.0856   0.9926   0.0541
 -15.000  -0.3842   0.10057   0.09757  -0.0893   0.9896   0.0547
 -14.500  -0.3099   0.10143   0.09846  -0.0937   0.9871   0.0551
 -14.000  -0.2182   0.10625   0.10332  -0.0955   0.9812   0.0549
 -13.500  -0.6966   0.02793   0.02230  -0.1377   0.9580   0.0595
 -13.000  -0.6636   0.02608   0.02039  -0.1367   0.9439   0.0610
 -12.500  -0.6325   0.02463   0.01884  -0.1345   0.9290   0.0626
 -12.000  -0.6030   0.02334   0.01739  -0.1313   0.9115   0.0645
 -11.500  -0.5743   0.02237   0.01624  -0.1274   0.8929   0.0661
 -11.000  -0.5413   0.02076   0.01445  -0.1243   0.8745   0.0683
 -10.500  -0.5055   0.01983   0.01350  -0.1212   0.8555   0.0704
 -10.000  -0.4626   0.01909   0.01262  -0.1192   0.8370   0.0728
  -9.500  -0.4186   0.01842   0.01180  -0.1173   0.8192   0.0753
  -9.000  -0.3744   0.01744   0.01070  -0.1155   0.8019   0.0784
  -8.500  -0.3285   0.01685   0.01006  -0.1138   0.7831   0.0819
  -8.000  -0.2804   0.01638   0.00948  -0.1124   0.7650   0.0853
  -7.500  -0.2331   0.01577   0.00870  -0.1108   0.7449   0.0888
  -7.000  -0.1864   0.01520   0.00813  -0.1092   0.7262   0.0935
  -6.500  -0.1371   0.01498   0.00772  -0.1078   0.7033   0.0983
  -6.000  -0.0906   0.01440   0.00710  -0.1060   0.6829   0.1037
  -5.500  -0.0423   0.01414   0.00677  -0.1045   0.6618   0.1095
  -5.000   0.0063   0.01400   0.00645  -0.1029   0.6387   0.1150
  -4.500   0.0528   0.01359   0.00607  -0.1011   0.6180   0.1239
  -4.000   0.1009   0.01355   0.00587  -0.0994   0.5951   0.1305
  -3.500   0.1453   0.01328   0.00556  -0.0972   0.5714   0.1418
  -3.000   0.1938   0.01328   0.00546  -0.0956   0.5492   0.1502
  -2.500   0.2370   0.01310   0.00526  -0.0932   0.5262   0.1653
  -2.000   0.2802   0.01316   0.00517  -0.0906   0.5013   0.1788
  -1.500   0.3259   0.01310   0.00512  -0.0887   0.4819   0.1966
  -1.000   0.3683   0.01311   0.00511  -0.0861   0.4630   0.2202
  -0.500   0.4132   0.01307   0.00509  -0.0841   0.4489   0.2511
  -0.000   0.4509   0.01295   0.00515  -0.0809   0.4338   0.3317
   0.500   0.4908   0.01230   0.00533  -0.0782   0.4267   0.5630
   1.000   0.5343   0.01235   0.00559  -0.0758   0.4179   0.6492
   1.500   0.5778   0.01261   0.00599  -0.0735   0.4077   0.7215
   2.000   0.6262   0.01283   0.00639  -0.0720   0.4016   0.7878
   2.500   0.6726   0.01303   0.00678  -0.0700   0.3978   0.8520
   3.000   0.7169   0.01337   0.00724  -0.0674   0.3933   0.9128
   3.500   0.7719   0.01389   0.00774  -0.0673   0.3884   0.9615
   4.000   0.8474   0.01459   0.00833  -0.0719   0.3820   0.9868
   4.500   0.9430   0.01551   0.00909  -0.0806   0.3736   0.9957
   5.000   0.9879   0.01584   0.00942  -0.0795   0.3718   1.0000
   5.500   1.0111   0.01609   0.00967  -0.0739   0.3696   1.0000
   6.000   1.0448   0.01650   0.01008  -0.0704   0.3665   1.0000
   6.500   1.0829   0.01702   0.01058  -0.0680   0.3626   1.0000
   7.000   1.1242   0.01760   0.01114  -0.0662   0.3589   1.0000
   7.500   1.1659   0.01827   0.01178  -0.0647   0.3552   1.0000
   8.000   1.2098   0.01906   0.01252  -0.0636   0.3506   1.0000
   8.500   1.2633   0.01999   0.01342  -0.0641   0.3446   1.0000
   9.000   1.2982   0.02075   0.01426  -0.0618   0.3427   1.0000
   9.500   1.3354   0.02161   0.01519  -0.0600   0.3401   1.0000
  10.000   1.3708   0.02261   0.01625  -0.0582   0.3368   1.0000
  10.500   1.4062   0.02361   0.01729  -0.0564   0.3329   1.0000
  11.000   1.4406   0.02469   0.01840  -0.0547   0.3290   1.0000
  11.500   1.4752   0.02590   0.01962  -0.0532   0.3251   1.0000
  12.000   1.5219   0.02713   0.02081  -0.0531   0.3184   1.0000
  12.500   1.5463   0.02866   0.02248  -0.0507   0.3161   1.0000
  13.000   1.5674   0.03049   0.02445  -0.0482   0.3133   1.0000
  13.500   1.5892   0.03247   0.02655  -0.0461   0.3093   1.0000
  14.000   1.6137   0.03440   0.02854  -0.0445   0.3049   1.0000
  14.500   1.6371   0.03652   0.03072  -0.0430   0.3008   1.0000
  15.000   1.6662   0.03832   0.03250  -0.0419   0.2949   1.0000
  15.500   1.6807   0.04131   0.03564  -0.0402   0.2910   1.0000
  16.000   1.6879   0.04505   0.03956  -0.0386   0.2867   1.0000
  16.500   1.6978   0.04879   0.04342  -0.0376   0.2815   1.0000
  17.000   1.7101   0.05242   0.04710  -0.0368   0.2762   1.0000
  17.500   1.7324   0.05490   0.04956  -0.0361   0.2692   1.0000
  18.000   1.7146   0.06187   0.05679  -0.0352   0.2644   1.0000
  18.500   1.7053   0.06820   0.06328  -0.0349   0.2578   1.0000
  19.000   1.7142   0.07244   0.06749  -0.0349   0.2506   1.0000
  19.500   1.6883   0.08077   0.07603  -0.0349   0.2435   1.0000
  20.000   1.6532   0.09051   0.08595  -0.0356   0.2352   1.0000
  20.500   1.6743   0.09325   0.08859  -0.0359   0.2271   1.0000
  21.000   1.6002   0.10831   0.10400  -0.0380   0.2179   1.0000
  21.500   1.6027   0.11356   0.10921  -0.0392   0.2096   1.0000
  22.000   1.5512   0.12606   0.12193  -0.0420   0.1997   1.0000
  22.500   1.5585   0.13081   0.12665  -0.0438   0.1917   1.0000
  23.000   1.5302   0.14053   0.13650  -0.0469   0.1824   1.0000
  23.500   1.5309   0.14629   0.14226  -0.0494   0.1740   1.0000
  24.000   1.5200   0.15367   0.14971  -0.0526   0.1655   1.0000
  24.500   1.5196   0.15957   0.15563  -0.0556   0.1572   1.0000
  25.000   1.5134   0.16630   0.16240  -0.0590   0.1489   1.0000
