  
       XFOIL         Version 6.99
  
 Calculated polar for: NACA 1026                                       
  
 1 1 Reynolds number fixed          Mach number fixed         
  
 xtrf =   1.000 (top)        1.000 (bottom)  
 Mach =   0.000     Re =     0.452 e 6     Ncrit =   9.000
  
   alpha    CL        CD       CDp       CM     Top_Xtr  Bot_Xtr
  ------ -------- --------- --------- -------- -------- --------
 -25.000  -1.1580   0.14263   0.13793  -0.0306   1.0000   0.0843
 -24.500  -1.1393   0.13946   0.13485  -0.0324   1.0000   0.0877
 -24.000  -1.1405   0.13291   0.12825  -0.0360   1.0000   0.0907
 -23.500  -1.1532   0.12470   0.11989  -0.0402   1.0000   0.0937
 -23.000  -1.1651   0.11674   0.11170  -0.0440   1.0000   0.0958
 -22.500  -1.1538   0.11252   0.10756  -0.0455   1.0000   0.0999
 -22.000  -1.1565   0.10602   0.10099  -0.0482   1.0000   0.1031
 -21.500  -1.1637   0.09885   0.09367  -0.0509   1.0000   0.1064
 -21.000  -1.1647   0.09266   0.08733  -0.0531   1.0000   0.1093
 -20.500  -1.1655   0.08693   0.08163  -0.0545   1.0000   0.1140
 -20.000  -1.1643   0.08117   0.07580  -0.0561   1.0000   0.1178
 -19.500  -1.1656   0.07506   0.06955  -0.0577   1.0000   0.1212
 -19.000  -1.1597   0.07023   0.06464  -0.0585   1.0000   0.1254
 -18.500  -1.1630   0.06438   0.05879  -0.0594   1.0000   0.1303
 -18.000  -1.1578   0.05940   0.05371  -0.0601   1.0000   0.1349
 -17.500  -1.1475   0.05502   0.04917  -0.0605   1.0000   0.1382
 -17.000  -1.1472   0.05019   0.04437  -0.0601   1.0000   0.1446
 -16.500  -1.1390   0.04611   0.04026  -0.0598   1.0000   0.1500
 -16.000  -1.1245   0.04267   0.03670  -0.0592   1.0000   0.1546
 -15.500  -1.1199   0.03888   0.03291  -0.0576   1.0000   0.1612
 -15.000  -1.1130   0.03572   0.02976  -0.0553   1.0000   0.1672
 -14.500  -1.1028   0.03341   0.02736  -0.0522   1.0000   0.1725
 -14.000  -1.1053   0.03105   0.02498  -0.0470   1.0000   0.1787
 -13.500  -1.1214   0.02895   0.02291  -0.0393   1.0000   0.1848
 -13.000  -1.1020   0.02724   0.02117  -0.0367   0.9978   0.1915
 -12.500  -1.0492   0.02508   0.01897  -0.0401   0.9919   0.2007
 -12.000  -0.9927   0.02313   0.01707  -0.0439   0.9867   0.2114
 -11.500  -0.9343   0.02166   0.01554  -0.0469   0.9799   0.2201
 -11.000  -0.8818   0.01992   0.01390  -0.0491   0.9701   0.2327
 -10.500  -0.8181   0.01879   0.01269  -0.0523   0.9607   0.2414
 -10.000  -0.7843   0.01745   0.01144  -0.0499   0.9414   0.2545
  -9.500  -0.7439   0.01655   0.01050  -0.0479   0.9221   0.2647
  -9.000  -0.7090   0.01570   0.00960  -0.0446   0.8996   0.2756
  -8.500  -0.6745   0.01495   0.00887  -0.0412   0.8763   0.2878
  -8.000  -0.6306   0.01449   0.00825  -0.0391   0.8532   0.2966
  -7.500  -0.5957   0.01377   0.00759  -0.0357   0.8293   0.3119
  -7.000  -0.5518   0.01340   0.00712  -0.0335   0.8063   0.3230
  -6.500  -0.5113   0.01293   0.00659  -0.0307   0.7811   0.3373
  -6.000  -0.4711   0.01262   0.00627  -0.0278   0.7583   0.3505
  -5.500  -0.4289   0.01243   0.00595  -0.0250   0.7343   0.3629
  -5.000  -0.3893   0.01215   0.00571  -0.0218   0.7120   0.3786
  -4.500  -0.3416   0.01210   0.00552  -0.0201   0.6896   0.3894
  -4.000  -0.2990   0.01182   0.00528  -0.0175   0.6673   0.4083
  -3.500  -0.2507   0.01176   0.00515  -0.0158   0.6462   0.4216
  -3.000  -0.2058   0.01161   0.00498  -0.0136   0.6242   0.4395
  -2.500  -0.1571   0.01153   0.00491  -0.0120   0.6051   0.4549
  -2.000  -0.1110   0.01149   0.00480  -0.0099   0.5829   0.4725
  -1.500  -0.0620   0.01141   0.00477  -0.0084   0.5662   0.4896
  -1.000  -0.0154   0.01144   0.00472  -0.0065   0.5442   0.5072
  -0.500   0.0336   0.01138   0.00474  -0.0050   0.5291   0.5262
  -0.000   0.0803   0.01145   0.00473  -0.0031   0.5086   0.5441
   0.500   0.1290   0.01144   0.00480  -0.0015   0.4937   0.5649
   1.000   0.1756   0.01151   0.00484   0.0004   0.4753   0.5838
   1.500   0.2233   0.01158   0.00497   0.0021   0.4599   0.6055
   2.000   0.2696   0.01165   0.00506   0.0041   0.4437   0.6268
   2.500   0.3155   0.01182   0.00524   0.0060   0.4275   0.6481
   3.000   0.3613   0.01189   0.00540   0.0081   0.4134   0.6726
   4.000   0.4468   0.01224   0.00586   0.0132   0.3846   0.7205
   4.500   0.4831   0.01257   0.00615   0.0168   0.3682   0.7443
   5.000   0.5281   0.01282   0.00652   0.0188   0.3570   0.7697
   5.500   0.5694   0.01321   0.00697   0.0213   0.3430   0.7970
   6.000   0.6107   0.01370   0.00750   0.0236   0.3299   0.8217
   6.500   0.6523   0.01415   0.00804   0.0260   0.3181   0.8490
   7.000   0.6873   0.01492   0.00881   0.0293   0.3033   0.8751
   7.500   0.7284   0.01545   0.00944   0.0316   0.2943   0.8999
   8.000   0.7596   0.01632   0.01028   0.0353   0.2817   0.9257
   8.500   0.8011   0.01728   0.01130   0.0370   0.2712   0.9470
   9.000   0.8493   0.01833   0.01234   0.0368   0.2597   0.9643
   9.500   0.9056   0.01982   0.01377   0.0343   0.2471   0.9757
  10.000   0.9642   0.02111   0.01507   0.0315   0.2367   0.9854
  10.500   1.0223   0.02300   0.01688   0.0274   0.2237   0.9904
  11.000   1.0851   0.02451   0.01845   0.0230   0.2148   0.9966
  11.500   1.1078   0.02651   0.02039   0.0246   0.2050   1.0000
  12.000   1.1025   0.02787   0.02178   0.0320   0.1991   1.0000
  12.500   1.1080   0.02956   0.02352   0.0370   0.1930   1.0000
  13.000   1.1125   0.03208   0.02600   0.0408   0.1855   1.0000
  13.500   1.1259   0.03465   0.02860   0.0432   0.1783   1.0000
  14.000   1.1430   0.03742   0.03144   0.0444   0.1725   1.0000
  14.500   1.1520   0.04108   0.03508   0.0456   0.1656   1.0000
  15.000   1.1645   0.04459   0.03864   0.0463   0.1592   1.0000
  15.500   1.1774   0.04837   0.04253   0.0464   0.1539   1.0000
  16.000   1.1829   0.05292   0.04709   0.0465   0.1482   1.0000
  16.500   1.1895   0.05738   0.05156   0.0465   0.1424   1.0000
  17.000   1.1968   0.06221   0.05655   0.0458   0.1381   1.0000
  17.500   1.2010   0.06726   0.06164   0.0450   0.1331   1.0000
  18.000   1.2006   0.07267   0.06702   0.0444   0.1272   1.0000
  18.500   1.2039   0.07825   0.07277   0.0430   0.1242   1.0000
  19.000   1.2048   0.08409   0.07873   0.0414   0.1202   1.0000
  19.500   1.1998   0.09056   0.08521   0.0396   0.1157   1.0000
  20.000   1.2039   0.09584   0.09055   0.0381   0.1116   1.0000
  20.500   1.1974   0.10288   0.09776   0.0356   0.1084   1.0000
  21.000   1.1974   0.10905   0.10400   0.0332   0.1049   1.0000
  21.500   1.1984   0.11489   0.10983   0.0309   0.1010   1.0000
  22.000   1.1965   0.12127   0.11633   0.0281   0.0980   1.0000
  22.500   1.1846   0.12931   0.12454   0.0243   0.0948   1.0000
  23.000   1.1846   0.13563   0.13092   0.0210   0.0917   1.0000
  23.500   1.1983   0.13969   0.13491   0.0186   0.0883   1.0000
  24.000   1.1821   0.14858   0.14402   0.0138   0.0859   1.0000
  24.500   1.1631   0.15812   0.15375   0.0083   0.0830   1.0000
  25.000   1.1648   0.16437   0.16004   0.0041   0.0802   1.0000
