  
       XFOIL         Version 6.99
  
 Calculated polar for: NACA 3222                                       
  
 1 1 Reynolds number fixed          Mach number fixed         
  
 xtrf =   1.000 (top)        1.000 (bottom)  
 Mach =   0.000     Re =     0.452 e 6     Ncrit =   9.000
  
   alpha    CL        CD       CDp       CM     Top_Xtr  Bot_Xtr
  ------ -------- --------- --------- -------- -------- --------
 -24.500  -0.5816   0.26126   0.25815   0.0182   1.0000   0.0319
 -24.000  -0.5593   0.25692   0.25381   0.0156   1.0000   0.0323
 -23.500  -0.5387   0.25263   0.24954   0.0124   1.0000   0.0329
 -23.000  -0.5194   0.24789   0.24480   0.0088   1.0000   0.0340
 -22.500  -0.5016   0.24234   0.23926   0.0049   1.0000   0.0358
 -20.500  -0.4370   0.21768   0.21463  -0.0106   1.0000   0.0403
 -20.000  -0.4200   0.21198   0.20894  -0.0142   1.0000   0.0425
 -19.000  -0.9057   0.08791   0.08351  -0.0771   1.0000   0.0453
 -18.500  -0.9413   0.07637   0.07172  -0.0828   1.0000   0.0461
 -18.000  -0.9520   0.06876   0.06396  -0.0861   1.0000   0.0468
 -17.500  -0.9584   0.06211   0.05717  -0.0887   1.0000   0.0475
 -17.000  -0.9618   0.05618   0.05108  -0.0905   1.0000   0.0482
 -16.500  -0.9632   0.05095   0.04568  -0.0914   1.0000   0.0490
 -16.000  -0.9632   0.04642   0.04098  -0.0913   1.0000   0.0499
 -15.500  -0.9628   0.04258   0.03697  -0.0898   1.0000   0.0508
 -15.000  -0.9634   0.03949   0.03372  -0.0869   1.0000   0.0516
 -14.500  -0.9686   0.03705   0.03114  -0.0821   1.0000   0.0522
 -14.000  -0.9801   0.03475   0.02872  -0.0754   1.0000   0.0530
 -13.500  -0.9745   0.03240   0.02633  -0.0711   0.9987   0.0544
 -13.000  -0.9242   0.03021   0.02412  -0.0743   0.9934   0.0561
 -12.500  -0.8680   0.02830   0.02213  -0.0779   0.9884   0.0582
 -12.000  -0.8141   0.02653   0.02023  -0.0805   0.9824   0.0601
 -11.500  -0.7600   0.02453   0.01814  -0.0825   0.9741   0.0622
 -11.000  -0.6984   0.02273   0.01637  -0.0859   0.9679   0.0649
 -10.500  -0.6435   0.02143   0.01504  -0.0873   0.9578   0.0675
  -9.500  -0.5642   0.01898   0.01247  -0.0830   0.9230   0.0732
  -9.000  -0.5262   0.01801   0.01145  -0.0801   0.9033   0.0762
  -8.500  -0.4906   0.01731   0.01067  -0.0765   0.8824   0.0793
  -8.000  -0.4516   0.01673   0.00996  -0.0733   0.8615   0.0820
  -7.500  -0.4144   0.01578   0.00895  -0.0700   0.8388   0.0872
  -7.000  -0.3701   0.01530   0.00841  -0.0678   0.8150   0.0920
  -6.500  -0.3275   0.01465   0.00765  -0.0652   0.7900   0.0971
  -6.000  -0.2824   0.01416   0.00707  -0.0631   0.7643   0.1035
  -5.500  -0.2350   0.01384   0.00660  -0.0612   0.7362   0.1098
  -5.000  -0.1902   0.01330   0.00607  -0.0591   0.7124   0.1197
  -4.500  -0.1424   0.01298   0.00563  -0.0574   0.6888   0.1293
  -4.000  -0.0954   0.01265   0.00524  -0.0555   0.6630   0.1431
  -3.500  -0.0488   0.01222   0.00483  -0.0536   0.6388   0.1630
  -3.000  -0.0050   0.01166   0.00438  -0.0514   0.6147   0.2125
  -2.500   0.0273   0.01058   0.00404  -0.0472   0.5899   0.4161
  -2.000   0.0752   0.01036   0.00397  -0.0455   0.5678   0.4783
  -1.500   0.1242   0.01032   0.00395  -0.0439   0.5443   0.5207
  -1.000   0.1723   0.01038   0.00395  -0.0421   0.5185   0.5573
  -0.500   0.2215   0.01039   0.00399  -0.0406   0.4949   0.5960
  -0.000   0.2706   0.01046   0.00407  -0.0390   0.4709   0.6306
   0.500   0.3180   0.01059   0.00419  -0.0371   0.4457   0.6651
   1.000   0.3639   0.01080   0.00436  -0.0350   0.4185   0.7001
   1.500   0.4104   0.01100   0.00456  -0.0330   0.3941   0.7389
   2.000   0.4555   0.01126   0.00484  -0.0307   0.3702   0.7813
   2.500   0.4993   0.01160   0.00517  -0.0282   0.3483   0.8177
   3.000   0.5400   0.01205   0.00556  -0.0252   0.3291   0.8506
   3.500   0.5830   0.01239   0.00596  -0.0224   0.3184   0.8839
   4.000   0.6241   0.01291   0.00644  -0.0194   0.3080   0.9148
   4.500   0.6683   0.01367   0.00712  -0.0173   0.2970   0.9420
   5.000   0.7261   0.01419   0.00766  -0.0179   0.2927   0.9640
   5.500   0.7998   0.01486   0.00828  -0.0221   0.2865   0.9752
   6.000   0.8687   0.01563   0.00898  -0.0256   0.2808   0.9862
   6.500   0.9446   0.01654   0.00979  -0.0307   0.2740   0.9917
   7.000   1.0196   0.01741   0.01064  -0.0356   0.2693   0.9979
   7.500   1.0483   0.01778   0.01104  -0.0316   0.2674   1.0000
   8.000   1.0591   0.01812   0.01143  -0.0241   0.2651   1.0000
   8.500   1.0832   0.01866   0.01198  -0.0191   0.2627   1.0000
   9.000   1.1142   0.01934   0.01268  -0.0156   0.2599   1.0000
   9.500   1.1491   0.02013   0.01349  -0.0131   0.2571   1.0000
  10.000   1.1850   0.02102   0.01438  -0.0110   0.2539   1.0000
  10.500   1.2213   0.02210   0.01544  -0.0091   0.2498   1.0000
  11.000   1.2683   0.02343   0.01678  -0.0088   0.2446   1.0000
  11.500   1.3025   0.02444   0.01788  -0.0070   0.2434   1.0000
  12.000   1.3342   0.02561   0.01916  -0.0050   0.2415   1.0000
  12.500   1.3645   0.02696   0.02061  -0.0032   0.2389   1.0000
  13.000   1.3955   0.02842   0.02216  -0.0016   0.2362   1.0000
  13.500   1.4242   0.03002   0.02384  -0.0001   0.2331   1.0000
  14.000   1.4520   0.03169   0.02555   0.0014   0.2298   1.0000
  14.500   1.4788   0.03358   0.02748   0.0027   0.2265   1.0000
  15.000   1.5111   0.03568   0.02964   0.0038   0.2209   1.0000
  15.500   1.5280   0.03812   0.03224   0.0053   0.2194   1.0000
  16.000   1.5411   0.04108   0.03536   0.0065   0.2169   1.0000
  16.500   1.5543   0.04428   0.03872   0.0074   0.2136   1.0000
  17.000   1.5678   0.04766   0.04221   0.0078   0.2100   1.0000
  17.500   1.5831   0.05101   0.04562   0.0080   0.2064   1.0000
  18.000   1.6000   0.05419   0.04881   0.0083   0.2018   1.0000
  18.500   1.6004   0.05917   0.05397   0.0083   0.1980   1.0000
  19.000   1.5913   0.06565   0.06069   0.0074   0.1945   1.0000
  19.500   1.5867   0.07185   0.06704   0.0061   0.1900   1.0000
  20.000   1.5898   0.07725   0.07251   0.0047   0.1855   1.0000
  20.500   1.5965   0.08184   0.07710   0.0039   0.1797   1.0000
  21.000   1.5531   0.09332   0.08891   0.0007   0.1752   1.0000
  21.500   1.5250   0.10315   0.09890  -0.0025   0.1691   1.0000
  22.000   1.5348   0.10765   0.10333  -0.0041   0.1628   1.0000
  22.500   1.4246   0.12917   0.12528  -0.0120   0.1542   1.0000
  23.000   1.4389   0.13326   0.12932  -0.0142   0.1484   1.0000
  23.500   1.3401   0.15457   0.15091  -0.0238   0.1370   1.0000
  24.000   1.3757   0.15533   0.15158  -0.0250   0.1326   1.0000
  24.500   1.3151   0.17145   0.16789  -0.0334   0.1225   1.0000
  25.000   1.3487   0.17231   0.16867  -0.0349   0.1183   1.0000
