  
       XFOIL         Version 6.99
  
 Calculated polar for: NACA 6728                                       
  
 1 1 Reynolds number fixed          Mach number fixed         
  
 xtrf =   1.000 (top)        1.000 (bottom)  
 Mach =   0.000     Re =     0.452 e 6     Ncrit =   9.000
  
   alpha    CL        CD       CDp       CM     Top_Xtr  Bot_Xtr
  ------ -------- --------- --------- -------- -------- --------
 -25.000  -0.1786   0.23554   0.23201  -0.1125   0.9688   0.0557
 -24.500  -0.1444   0.23172   0.22817  -0.1183   0.9678   0.0565
 -24.000  -0.1124   0.22737   0.22381  -0.1245   0.9669   0.0579
 -22.500  -0.0697   0.20111   0.19743  -0.1463   0.9638   0.0629
 -22.000  -0.0800   0.20033   0.19669  -0.1390   0.9573   0.0622
 -21.000  -0.0803   0.18680   0.18313  -0.1424   0.9502   0.0649
 -20.500  -0.0488   0.18452   0.18086  -0.1455   0.9482   0.0662
 -20.000  -0.0335   0.17805   0.17436  -0.1498   0.9466   0.0677
 -19.500  -0.0812   0.15875   0.15496  -0.1570   0.9452   0.0743
 -19.000  -0.0460   0.15587   0.15208  -0.1613   0.9442   0.0754
 -18.500  -0.0191   0.15069   0.14689  -0.1665   0.9433   0.0776
 -16.500  -0.6132   0.06465   0.05949  -0.1726   0.9212   0.1112
 -16.000  -0.6095   0.06041   0.05521  -0.1740   0.9189   0.1142
 -15.500  -0.6034   0.05612   0.05081  -0.1759   0.9170   0.1172
 -15.000  -0.5901   0.05211   0.04665  -0.1786   0.9153   0.1201
 -14.500  -0.5724   0.04921   0.04371  -0.1807   0.9130   0.1242
 -14.000  -0.7417   0.05052   0.04498  -0.1467   0.8967   0.1224
 -13.500  -0.7492   0.04711   0.04158  -0.1448   0.8936   0.1264
 -13.000  -0.7197   0.04343   0.03785  -0.1483   0.8910   0.1306
 -12.500  -0.6836   0.04036   0.03465  -0.1520   0.8885   0.1345
 -12.000  -0.8036   0.03870   0.03292  -0.1288   0.8702   0.1345
 -11.500  -0.8040   0.03593   0.02997  -0.1254   0.8657   0.1366
 -11.000  -0.7655   0.03278   0.02685  -0.1288   0.8630   0.1434
 -10.500  -0.6991   0.03115   0.02517  -0.1348   0.8607   0.1495
 -10.000  -0.7218   0.03033   0.02425  -0.1244   0.8438   0.1520
  -9.500  -0.6532   0.02882   0.02272  -0.1286   0.8408   0.1589
  -9.000  -0.5816   0.02764   0.02157  -0.1330   0.8386   0.1665
  -8.500  -0.5066   0.02676   0.02061  -0.1373   0.8368   0.1725
  -8.000  -0.4288   0.02538   0.01930  -0.1425   0.8353   0.1827
  -7.500  -0.3514   0.02456   0.01847  -0.1472   0.8338   0.1913
  -6.500  -0.2619   0.02337   0.01734  -0.1450   0.8134   0.2079
  -6.000  -0.1855   0.02247   0.01640  -0.1490   0.8116   0.2168
  -5.500  -0.1062   0.02120   0.01519  -0.1537   0.8101   0.2295
  -5.000  -0.0269   0.02002   0.01404  -0.1581   0.8088   0.2408
  -4.500   0.0537   0.01883   0.01285  -0.1629   0.8073   0.2533
  -3.000   0.2011   0.01781   0.01194  -0.1602   0.7683   0.2881
  -2.000   0.3355   0.01643   0.01050  -0.1645   0.7359   0.3146
  -1.500   0.4131   0.01555   0.00957  -0.1686   0.7158   0.3320
  -1.000   0.4809   0.01525   0.00899  -0.1708   0.6900   0.3418
  -0.500   0.5329   0.01543   0.00916  -0.1706   0.6672   0.3617
  -0.000   0.5820   0.01583   0.00949  -0.1698   0.6479   0.3751
   0.500   0.6303   0.01623   0.00977  -0.1688   0.6269   0.3895
   1.000   0.6777   0.01669   0.01031  -0.1678   0.6117   0.4074
   1.500   0.7231   0.01728   0.01076  -0.1664   0.5944   0.4186
   2.000   0.7693   0.01781   0.01133  -0.1653   0.5788   0.4388
   2.500   0.8122   0.01850   0.01203  -0.1636   0.5641   0.4551
   3.000   0.8597   0.01909   0.01248  -0.1626   0.5472   0.4687
   3.500   0.9028   0.01979   0.01333  -0.1611   0.5357   0.4904
   4.000   0.9451   0.02059   0.01403  -0.1593   0.5210   0.5046
   4.500   0.9916   0.02125   0.01473  -0.1584   0.5079   0.5251
   5.000   1.0311   0.02221   0.01577  -0.1563   0.4957   0.5439
   5.500   1.0702   0.02324   0.01666  -0.1542   0.4808   0.5563
   6.000   1.1148   0.02404   0.01760  -0.1531   0.4705   0.5806
   6.500   1.1550   0.02505   0.01861  -0.1513   0.4585   0.5970
   7.000   1.1931   0.02614   0.01961  -0.1492   0.4438   0.6145
   7.500   1.2303   0.02735   0.02098  -0.1471   0.4352   0.6338
   8.000   1.2667   0.02867   0.02227  -0.1449   0.4236   0.6468
   8.500   1.3020   0.02997   0.02351  -0.1426   0.4094   0.6639
   9.000   1.3387   0.03130   0.02496  -0.1406   0.4016   0.6799
   9.500   1.3696   0.03301   0.02666  -0.1379   0.3908   0.6904
  10.000   1.3993   0.03468   0.02828  -0.1352   0.3770   0.7043
  10.500   1.4332   0.03626   0.02999  -0.1332   0.3697   0.7179
  11.000   1.4624   0.03817   0.03191  -0.1307   0.3597   0.7276
  11.500   1.4853   0.04043   0.03411  -0.1276   0.3465   0.7398
  12.000   1.5162   0.04235   0.03617  -0.1256   0.3393   0.7524
  12.500   1.5408   0.04475   0.03861  -0.1231   0.3298   0.7620
  13.000   1.5584   0.04761   0.04141  -0.1200   0.3172   0.7733
  13.500   1.5853   0.04996   0.04392  -0.1181   0.3104   0.7859
  14.000   1.6024   0.05315   0.04717  -0.1156   0.3012   0.7959
  14.500   1.6146   0.05665   0.05064  -0.1127   0.2893   0.8080
  15.000   1.6320   0.05999   0.05416  -0.1106   0.2827   0.8217
  15.500   1.6476   0.06351   0.05778  -0.1087   0.2738   0.8376
  16.000   1.6497   0.06815   0.06245  -0.1058   0.2627   0.8583
  16.500   1.6611   0.07130   0.06587  -0.1033   0.2564   1.0000
  17.000   1.6671   0.07609   0.07072  -0.1017   0.2480   1.0000
  17.500   1.6689   0.08107   0.07563  -0.1000   0.2375   1.0000
  18.000   1.6757   0.08585   0.08055  -0.0989   0.2313   1.0000
  18.500   1.6814   0.09070   0.08545  -0.0979   0.2234   1.0000
  19.000   1.6762   0.09660   0.09129  -0.0968   0.2133   1.0000
  19.500   1.6834   0.10131   0.09615  -0.0964   0.2077   1.0000
  20.000   1.6798   0.10725   0.10218  -0.0961   0.2003   1.0000
  20.500   1.6804   0.11243   0.10728  -0.0958   0.1910   1.0000
  21.000   1.6775   0.11844   0.11345  -0.0961   0.1857   1.0000
  21.500   1.6801   0.12366   0.11875  -0.0967   0.1790   1.0000
  22.000   1.6757   0.12962   0.12463  -0.0974   0.1705   1.0000
  22.500   1.6779   0.13496   0.13013  -0.0986   0.1654   1.0000
  23.000   1.6730   0.14125   0.13651  -0.1002   0.1593   1.0000
  23.500   1.6765   0.14612   0.14130  -0.1015   0.1521   1.0000
  24.000   1.6787   0.15138   0.14671  -0.1034   0.1472   1.0000
  24.500   1.6724   0.15788   0.15330  -0.1059   0.1416   1.0000
  25.000   1.6782   0.16251   0.15787  -0.1079   0.1355   1.0000
