  
       XFOIL         Version 6.99
  
 Calculated polar for: NACA 3737                                       
  
 1 1 Reynolds number fixed          Mach number fixed         
  
 xtrf =   1.000 (top)        1.000 (bottom)  
 Mach =   0.000     Re =     0.452 e 6     Ncrit =   9.000
  
   alpha    CL        CD       CDp       CM     Top_Xtr  Bot_Xtr
  ------ -------- --------- --------- -------- -------- --------
 -25.000  -0.3456   0.21785   0.21403  -0.0658   0.9864   0.0927
 -24.500  -0.3196   0.21279   0.20895  -0.0723   0.9851   0.0952
 -24.000  -0.2743   0.21078   0.20695  -0.0785   0.9839   0.0962
 -23.500  -0.2347   0.20746   0.20363  -0.0852   0.9827   0.0978
 -23.000  -0.2575   0.19279   0.18887  -0.0936   0.9815   0.1064
 -22.500  -0.2339   0.19165   0.18776  -0.0938   0.9777   0.1074
 -22.000  -0.2108   0.18941   0.18554  -0.0952   0.9732   0.1090
 -21.500  -0.2523   0.17465   0.17069  -0.1004   0.9694   0.1189
 -21.000  -0.2149   0.17265   0.16871  -0.1040   0.9665   0.1203
 -20.500  -0.2717   0.15561   0.15157  -0.1103   0.9639   0.1327
 -20.000  -0.2309   0.15328   0.14925  -0.1146   0.9617   0.1345
 -19.000  -0.6802   0.08452   0.07930  -0.1287   0.9583   0.1746
 -18.500  -0.6334   0.08211   0.07699  -0.1332   0.9568   0.1791
 -18.000  -0.6138   0.07628   0.07111  -0.1387   0.9554   0.1839
 -17.500  -0.5943   0.06968   0.06437  -0.1453   0.9537   0.1888
 -17.000  -0.5877   0.06447   0.05903  -0.1479   0.9495   0.1931
 -16.500  -0.5735   0.06228   0.05691  -0.1463   0.9429   0.1977
 -16.000  -0.5561   0.05875   0.05337  -0.1474   0.9369   0.2022
 -15.500  -0.5464   0.05360   0.04810  -0.1498   0.9322   0.2071
 -15.000  -0.5201   0.04964   0.04402  -0.1528   0.9283   0.2111
 -14.500  -0.4804   0.04718   0.04164  -0.1554   0.9248   0.2171
 -14.000  -0.4606   0.04387   0.03829  -0.1566   0.9183   0.2222
 -13.500  -0.4513   0.04121   0.03558  -0.1548   0.9111   0.2268
 -13.000  -0.4428   0.03774   0.03196  -0.1541   0.9031   0.2301
 -12.500  -0.4022   0.03587   0.03017  -0.1552   0.8968   0.2375
 -12.000  -0.3678   0.03346   0.02774  -0.1564   0.8897   0.2431
 -11.500  -0.3525   0.03115   0.02537  -0.1550   0.8809   0.2483
 -11.000  -0.3310   0.02909   0.02320  -0.1537   0.8701   0.2521
 -10.500  -0.2917   0.02743   0.02156  -0.1539   0.8602   0.2597
 -10.000  -0.2662   0.02557   0.01968  -0.1530   0.8486   0.2658
  -9.500  -0.2429   0.02417   0.01823  -0.1506   0.8339   0.2715
  -9.000  -0.2074   0.02260   0.01647  -0.1506   0.8173   0.2760
  -8.500  -0.1853   0.02150   0.01538  -0.1472   0.7971   0.2835
  -8.000  -0.1606   0.02042   0.01425  -0.1445   0.7743   0.2903
  -7.500  -0.1416   0.01948   0.01313  -0.1405   0.7453   0.2966
  -6.500  -0.1210   0.01834   0.01162  -0.1281   0.6922   0.3070
  -6.000  -0.1285   0.01783   0.01105  -0.1184   0.6714   0.3146
  -5.500  -0.1882   0.01748   0.01066  -0.0984   0.6548   0.3190
  -5.000  -0.2139   0.01736   0.01037  -0.0843   0.6344   0.3243
  -4.500  -0.2206   0.01722   0.01022  -0.0735   0.6240   0.3292
  -4.000  -0.2065   0.01718   0.01005  -0.0664   0.6097   0.3336
  -3.500  -0.1746   0.01690   0.00975  -0.0628   0.5932   0.3443
  -3.000  -0.1520   0.01682   0.00975  -0.0574   0.5840   0.3523
  -2.500  -0.1177   0.01686   0.00971  -0.0542   0.5711   0.3594
  -2.000  -0.0708   0.01699   0.00964  -0.0532   0.5547   0.3647
  -1.500  -0.0415   0.01688   0.00968  -0.0492   0.5476   0.3769
  -1.000  -0.0042   0.01698   0.00982  -0.0467   0.5365   0.3866
  -0.500   0.0373   0.01723   0.00995  -0.0448   0.5236   0.3943
  -0.000   0.0873   0.01738   0.01004  -0.0446   0.5128   0.4018
   0.500   0.1267   0.01746   0.01026  -0.0426   0.5047   0.4154
   1.000   0.1653   0.01782   0.01061  -0.0405   0.4938   0.4258
   1.500   0.2137   0.01822   0.01085  -0.0400   0.4802   0.4332
   2.000   0.2575   0.01848   0.01120  -0.0390   0.4739   0.4454
   2.500   0.2998   0.01883   0.01167  -0.0377   0.4654   0.4591
   3.000   0.3415   0.01936   0.01214  -0.0364   0.4553   0.4693
   3.500   0.3917   0.01988   0.01252  -0.0365   0.4431   0.4759
   4.000   0.4287   0.02042   0.01326  -0.0347   0.4378   0.4945
   4.500   0.4703   0.02106   0.01398  -0.0336   0.4296   0.5077
   5.000   0.5110   0.02185   0.01468  -0.0325   0.4204   0.5166
   5.500   0.5594   0.02241   0.01522  -0.0325   0.4098   0.5328
   6.000   0.5936   0.02343   0.01642  -0.0307   0.4046   0.5486
   6.500   0.6328   0.02441   0.01743  -0.0297   0.3970   0.5603
   7.000   0.6709   0.02545   0.01842  -0.0287   0.3887   0.5726
   7.500   0.7159   0.02623   0.01926  -0.0284   0.3788   0.5928
   8.000   0.7462   0.02778   0.02094  -0.0267   0.3739   0.6066
   8.500   0.7822   0.02917   0.02235  -0.0257   0.3669   0.6154
   9.000   0.8157   0.03060   0.02388  -0.0246   0.3595   0.6386
   9.500   0.8551   0.03179   0.02504  -0.0239   0.3498   0.6547
  10.000   0.8823   0.03385   0.02721  -0.0225   0.3454   0.6644
  10.500   0.9120   0.03575   0.02925  -0.0214   0.3391   0.6839
  11.000   0.9367   0.03801   0.03159  -0.0199   0.3323   0.7007
  11.500   0.9728   0.03950   0.03298  -0.0193   0.3233   0.7130
  12.000   0.9956   0.04218   0.03576  -0.0182   0.3188   0.7196
  12.500   1.0153   0.04505   0.03882  -0.0170   0.3129   0.7421
  13.000   1.0400   0.04752   0.04136  -0.0161   0.3067   0.7576
  13.500   1.0666   0.04976   0.04353  -0.0153   0.2988   0.7689
  14.000   1.0837   0.05309   0.04697  -0.0145   0.2937   0.7789
  14.500   1.1001   0.05640   0.05049  -0.0136   0.2883   0.8021
  15.000   1.1109   0.06028   0.05448  -0.0125   0.2823   0.8189
  16.000   1.1513   0.06593   0.06033  -0.0110   0.2701   0.8740
  16.500   1.1439   0.07066   0.06540  -0.0089   0.2647   1.0000
  17.000   1.1608   0.07455   0.06928  -0.0095   0.2591   1.0000
  17.500   1.1858   0.07742   0.07203  -0.0101   0.2526   1.0000
  18.000   1.1874   0.08269   0.07739  -0.0101   0.2472   1.0000
  18.500   1.1868   0.08830   0.08311  -0.0104   0.2418   1.0000
  19.000   1.1898   0.09348   0.08831  -0.0109   0.2362   1.0000
  19.500   1.2218   0.09545   0.09016  -0.0118   0.2303   1.0000
  20.000   1.2033   0.10300   0.09790  -0.0123   0.2250   1.0000
  20.500   1.1985   0.10917   0.10416  -0.0133   0.2193   1.0000
  21.000   1.2141   0.11307   0.10803  -0.0146   0.2145   1.0000
  21.500   1.2561   0.11374   0.10856  -0.0157   0.2091   1.0000
  22.000   1.1981   0.12598   0.12112  -0.0174   0.2028   1.0000
  22.500   1.1961   0.13194   0.12713  -0.0194   0.1974   1.0000
  23.000   1.2289   0.13371   0.12881  -0.0210   0.1935   1.0000
  23.500   1.1854   0.14455   0.13987  -0.0238   0.1862   1.0000
  24.000   1.1765   0.15151   0.14690  -0.0266   0.1802   1.0000
  24.500   1.2065   0.15354   0.14887  -0.0286   0.1769   1.0000
  25.000   1.2560   0.15290   0.14811  -0.0300   0.1739   1.0000
