  
       XFOIL         Version 6.99
  
 Calculated polar for: NACA 2737                                       
  
 1 1 Reynolds number fixed          Mach number fixed         
  
 xtrf =   1.000 (top)        1.000 (bottom)  
 Mach =   0.000     Re =     0.452 e 6     Ncrit =   9.000
  
   alpha    CL        CD       CDp       CM     Top_Xtr  Bot_Xtr
  ------ -------- --------- --------- -------- -------- --------
 -23.500  -0.4777   0.19577   0.19191  -0.0505   0.9936   0.1141
 -23.000  -0.4137   0.19773   0.19392  -0.0545   0.9914   0.1124
 -22.500  -0.4103   0.18843   0.18456  -0.0616   0.9891   0.1179
 -22.000  -0.3674   0.18594   0.18209  -0.0671   0.9872   0.1194
 -21.500  -0.4102   0.16945   0.16549  -0.0753   0.9855   0.1312
 -21.000  -0.3735   0.16572   0.16176  -0.0811   0.9840   0.1339
 -20.500  -0.8339   0.10047   0.09540  -0.0932   0.9832   0.1705
 -20.000  -0.7886   0.09834   0.09334  -0.0974   0.9820   0.1750
 -19.500  -0.7589   0.09426   0.08928  -0.1021   0.9807   0.1791
 -19.000  -0.7845   0.08729   0.08219  -0.1013   0.9743   0.1839
 -18.500  -0.8031   0.07865   0.07331  -0.1046   0.9690   0.1881
 -18.000  -0.7553   0.07620   0.07097  -0.1087   0.9650   0.1934
 -17.500  -0.7263   0.07176   0.06651  -0.1131   0.9618   0.1980
 -17.000  -0.7133   0.06549   0.06011  -0.1178   0.9592   0.2030
 -16.500  -0.6867   0.06056   0.05505  -0.1227   0.9571   0.2076
 -16.000  -0.6393   0.05765   0.05224  -0.1275   0.9545   0.2134
 -15.500  -0.6153   0.05328   0.04782  -0.1310   0.9499   0.2185
 -15.000  -0.6082   0.04981   0.04426  -0.1300   0.9425   0.2230
 -14.500  -0.5929   0.04620   0.04055  -0.1303   0.9342   0.2274
 -14.000  -0.5611   0.04358   0.03800  -0.1315   0.9274   0.2338
 -13.500  -0.5320   0.04069   0.03508  -0.1326   0.9199   0.2391
 -13.000  -0.5167   0.03768   0.03198  -0.1320   0.9103   0.2439
 -12.500  -0.4973   0.03517   0.02936  -0.1311   0.8997   0.2482
 -12.000  -0.4652   0.03329   0.02754  -0.1306   0.8890   0.2555
 -11.500  -0.4400   0.03100   0.02521  -0.1302   0.8765   0.2612
 -11.000  -0.4178   0.02901   0.02314  -0.1288   0.8631   0.2664
 -10.500  -0.3879   0.02708   0.02102  -0.1283   0.8473   0.2704
 -10.000  -0.3586   0.02570   0.01972  -0.1267   0.8302   0.2789
  -9.500  -0.3301   0.02411   0.01801  -0.1255   0.8091   0.2852
  -9.000  -0.3002   0.02296   0.01678  -0.1239   0.7872   0.2909
  -8.500  -0.2746   0.02170   0.01529  -0.1219   0.7608   0.2950
  -8.000  -0.2438   0.02080   0.01429  -0.1197   0.7318   0.3043
  -7.500  -0.2161   0.01999   0.01344  -0.1171   0.7094   0.3111
  -7.000  -0.1896   0.01935   0.01263  -0.1141   0.6861   0.3174
  -6.500  -0.1686   0.01870   0.01183  -0.1101   0.6670   0.3219
  -6.000  -0.1403   0.01822   0.01128  -0.1067   0.6468   0.3311
  -5.500  -0.1238   0.01766   0.01078  -0.1012   0.6340   0.3385
  -5.000  -0.1144   0.01738   0.01036  -0.0941   0.6163   0.3451
  -4.500  -0.1065   0.01717   0.01005  -0.0863   0.6022   0.3503
  -4.000  -0.1244   0.01689   0.00976  -0.0733   0.5910   0.3561
  -3.500  -0.1734   0.01670   0.00953  -0.0541   0.5784   0.3632
  -3.000  -0.1620   0.01659   0.00939  -0.0465   0.5639   0.3709
  -2.500  -0.1488   0.01650   0.00932  -0.0390   0.5551   0.3781
  -2.000  -0.1275   0.01657   0.00928  -0.0331   0.5431   0.3833
  -1.500  -0.0941   0.01650   0.00914  -0.0296   0.5277   0.3944
  -1.000  -0.0633   0.01644   0.00919  -0.0256   0.5203   0.4042
  -0.500  -0.0284   0.01652   0.00927  -0.0224   0.5101   0.4129
  -0.000   0.0063   0.01680   0.00941  -0.0193   0.4984   0.4184
   0.500   0.0499   0.01680   0.00945  -0.0178   0.4865   0.4325
   1.000   0.0865   0.01695   0.00971  -0.0152   0.4793   0.4436
   1.500   0.1274   0.01723   0.00994  -0.0133   0.4692   0.4525
   2.000   0.1686   0.01757   0.01018  -0.0116   0.4574   0.4616
   2.500   0.2124   0.01778   0.01050  -0.0104   0.4491   0.4765
   3.000   0.2504   0.01820   0.01100  -0.0084   0.4414   0.4882
   3.500   0.2921   0.01870   0.01142  -0.0070   0.4321   0.4957
   4.000   0.3362   0.01911   0.01181  -0.0062   0.4204   0.5121
   4.500   0.3782   0.01960   0.01244  -0.0050   0.4143   0.5265
   5.000   0.4150   0.02034   0.01321  -0.0032   0.4067   0.5366
   5.500   0.4548   0.02099   0.01386  -0.0020   0.3984   0.5507
   6.000   0.4994   0.02163   0.01450  -0.0015   0.3870   0.5678
   6.500   0.5372   0.02252   0.01549  -0.0002   0.3821   0.5806
   7.000   0.5720   0.02357   0.01660   0.0013   0.3751   0.5931
   7.500   0.6093   0.02454   0.01768   0.0024   0.3675   0.6127
   8.000   0.6516   0.02546   0.01853   0.0030   0.3570   0.6277
   8.500   0.6824   0.02693   0.02010   0.0044   0.3524   0.6390
   9.000   0.7157   0.02828   0.02165   0.0056   0.3460   0.6607
   9.500   0.7495   0.02975   0.02316   0.0066   0.3391   0.6770
  10.000   0.7856   0.03114   0.02444   0.0074   0.3295   0.6865
  10.500   0.8122   0.03311   0.02662   0.0087   0.3249   0.7088
  11.000   0.8414   0.03500   0.02867   0.0097   0.3191   0.7272
  11.500   0.8646   0.03737   0.03107   0.0110   0.3127   0.7407
  12.000   0.8970   0.03912   0.03271   0.0117   0.3041   0.7481
  12.500   0.9229   0.04140   0.03520   0.0124   0.2993   0.7750
  13.000   0.9390   0.04448   0.03847   0.0137   0.2939   0.7949
  13.500   0.9632   0.04704   0.04107   0.0143   0.2879   0.8089
  14.000   0.9901   0.04919   0.04321   0.0149   0.2804   0.8333
  14.500   1.0013   0.05258   0.04684   0.0165   0.2753   0.8650
  15.000   1.0125   0.05581   0.05032   0.0184   0.2704   0.9146
  15.500   1.0286   0.05984   0.05447   0.0178   0.2644   0.9870
  16.000   1.0570   0.06230   0.05680   0.0169   0.2574   1.0000
  16.500   1.0720   0.06604   0.06060   0.0167   0.2526   1.0000
  17.000   1.0708   0.07144   0.06611   0.0167   0.2473   1.0000
  17.500   1.0857   0.07529   0.06996   0.0163   0.2420   1.0000
  18.000   1.1138   0.07769   0.07223   0.0156   0.2356   1.0000
  18.500   1.1057   0.08393   0.07862   0.0154   0.2307   1.0000
  19.000   1.1057   0.08946   0.08425   0.0148   0.2255   1.0000
  19.500   1.1097   0.09452   0.08932   0.0139   0.2202   1.0000
  20.000   1.1467   0.09585   0.09052   0.0130   0.2143   1.0000
  20.500   1.1107   0.10542   0.10034   0.0119   0.2092   1.0000
  21.000   1.1117   0.11099   0.10598   0.0105   0.2041   1.0000
  21.500   1.1326   0.11429   0.10923   0.0090   0.1996   1.0000
  22.000   1.1411   0.11879   0.11374   0.0075   0.1942   1.0000
  22.500   1.0898   0.13048   0.12569   0.0050   0.1873   1.0000
  23.000   1.1079   0.13412   0.12931   0.0030   0.1832   1.0000
  23.500   1.1482   0.13496   0.13003   0.0013   0.1796   1.0000
  24.000   1.0468   0.15329   0.14875  -0.0035   0.1693   1.0000
  24.500   1.0780   0.15529   0.15069  -0.0057   0.1664   1.0000
  25.000   1.1220   0.15550   0.15081  -0.0075   0.1639   1.0000
