  
       XFOIL         Version 6.99
  
 Calculated polar for: NACA 1129                                       
  
 1 1 Reynolds number fixed          Mach number fixed         
  
 xtrf =   1.000 (top)        1.000 (bottom)  
 Mach =   0.000     Re =     0.452 e 6     Ncrit =   9.000
  
   alpha    CL        CD       CDp       CM     Top_Xtr  Bot_Xtr
  ------ -------- --------- --------- -------- -------- --------
 -25.000  -1.0272   0.15152   0.14663  -0.0343   1.0000   0.0712
 -24.500  -1.0170   0.14667   0.14175  -0.0374   1.0000   0.0730
 -24.000  -1.0098   0.14136   0.13636  -0.0405   1.0000   0.0749
 -23.500  -1.0090   0.13505   0.12992  -0.0439   1.0000   0.0766
 -23.000  -1.0048   0.12927   0.12400  -0.0470   1.0000   0.0779
 -22.500  -0.9836   0.12644   0.12123  -0.0482   1.0000   0.0807
 -22.000  -0.9749   0.12156   0.11635  -0.0505   1.0000   0.0831
 -21.500  -0.9715   0.11582   0.11054  -0.0529   1.0000   0.0856
 -21.000  -0.9653   0.11048   0.10509  -0.0550   1.0000   0.0880
 -20.500  -0.9580   0.10541   0.09995  -0.0567   1.0000   0.0905
 -20.000  -0.9552   0.10001   0.09459  -0.0583   1.0000   0.0943
 -19.500  -0.9534   0.09446   0.08900  -0.0598   1.0000   0.0977
 -19.000  -0.9539   0.08853   0.08295  -0.0613   1.0000   0.1008
 -18.500  -0.9596   0.08236   0.07680  -0.0624   1.0000   0.1060
 -18.000  -0.9727   0.07541   0.06980  -0.0634   1.0000   0.1116
 -17.500  -0.9892   0.06842   0.06277  -0.0639   1.0000   0.1190
 -17.000  -1.0059   0.06177   0.05611  -0.0638   1.0000   0.1289
 -16.500  -1.0332   0.05474   0.04910  -0.0627   1.0000   0.1425
 -16.000  -1.0585   0.04881   0.04321  -0.0602   1.0000   0.1570
 -15.500  -1.0784   0.04435   0.03877  -0.0563   1.0000   0.1699
 -15.000  -1.0954   0.04117   0.03554  -0.0509   1.0000   0.1804
 -14.000  -1.0565   0.03410   0.02842  -0.0522   0.9931   0.2030
 -13.500  -1.0147   0.03070   0.02508  -0.0562   0.9877   0.2160
 -13.000  -0.9566   0.02843   0.02270  -0.0611   0.9842   0.2246
 -12.500  -0.9169   0.02591   0.02025  -0.0627   0.9741   0.2357
 -12.000  -0.8652   0.02398   0.01828  -0.0655   0.9635   0.2448
 -11.500  -0.8207   0.02240   0.01666  -0.0661   0.9494   0.2537
 -11.000  -0.7933   0.02075   0.01502  -0.0634   0.9277   0.2628
 -10.500  -0.7592   0.01974   0.01392  -0.0610   0.9068   0.2706
 -10.000  -0.7255   0.01869   0.01275  -0.0584   0.8830   0.2788
  -9.500  -0.6961   0.01761   0.01168  -0.0552   0.8600   0.2895
  -9.000  -0.6576   0.01691   0.01087  -0.0530   0.8373   0.2979
  -8.500  -0.6200   0.01620   0.01003  -0.0506   0.8121   0.3073
  -8.000  -0.5838   0.01549   0.00934  -0.0480   0.7908   0.3185
  -7.500  -0.5434   0.01505   0.00872  -0.0457   0.7647   0.3279
  -7.000  -0.5031   0.01452   0.00817  -0.0434   0.7448   0.3398
  -6.500  -0.4643   0.01411   0.00768  -0.0407   0.7202   0.3516
  -6.000  -0.4218   0.01380   0.00731  -0.0385   0.7012   0.3605
  -5.500  -0.3792   0.01347   0.00687  -0.0363   0.6779   0.3723
  -5.000  -0.3398   0.01314   0.00658  -0.0334   0.6609   0.3841
  -4.500  -0.3007   0.01311   0.00636  -0.0302   0.6371   0.3936
  -4.000  -0.2632   0.01285   0.00616  -0.0267   0.6226   0.4071
  -3.500  -0.2275   0.01280   0.00603  -0.0228   0.6016   0.4198
  -3.000  -0.1833   0.01276   0.00594  -0.0205   0.5861   0.4295
  -2.500  -0.1433   0.01260   0.00578  -0.0174   0.5685   0.4456
  -2.000  -0.1009   0.01259   0.00575  -0.0147   0.5517   0.4595
  -1.500  -0.0556   0.01259   0.00568  -0.0126   0.5360   0.4700
  -1.000  -0.0162   0.01257   0.00566  -0.0094   0.5175   0.4884
  -0.500   0.0287   0.01253   0.00566  -0.0072   0.5051   0.5020
  -0.000   0.0696   0.01255   0.00562  -0.0042   0.4890   0.5178
   0.500   0.1122   0.01257   0.00571  -0.0016   0.4752   0.5352
   1.000   0.1555   0.01264   0.00573   0.0008   0.4615   0.5488
   1.500   0.1931   0.01276   0.00585   0.0043   0.4444   0.5687
   2.000   0.2329   0.01278   0.00592   0.0075   0.4346   0.5841
   2.500   0.2667   0.01282   0.00601   0.0117   0.4213   0.6050
   3.000   0.3051   0.01308   0.00625   0.0148   0.4073   0.6228
   3.500   0.3472   0.01320   0.00648   0.0173   0.3956   0.6445
   4.000   0.3832   0.01365   0.00685   0.0206   0.3789   0.6645
   4.500   0.4275   0.01386   0.00719   0.0223   0.3689   0.6868
   5.000   0.4686   0.01426   0.00761   0.0246   0.3569   0.7092
   5.500   0.5064   0.01478   0.00819   0.0272   0.3440   0.7337
   6.000   0.5501   0.01520   0.00868   0.0287   0.3349   0.7554
   6.500   0.5871   0.01581   0.00937   0.0313   0.3230   0.7843
   7.000   0.6245   0.01653   0.01014   0.0335   0.3122   0.8083
   7.500   0.6629   0.01722   0.01094   0.0356   0.3018   0.8360
   8.000   0.6914   0.01836   0.01209   0.0389   0.2890   0.8635
   8.500   0.7290   0.01921   0.01305   0.0408   0.2813   0.8885
   9.000   0.7585   0.02038   0.01426   0.0439   0.2712   0.9164
   9.500   0.7854   0.02204   0.01592   0.0467   0.2603   0.9406
  10.000   0.8266   0.02339   0.01732   0.0470   0.2519   0.9606
  10.500   0.8693   0.02578   0.01963   0.0452   0.2402   0.9749
  11.000   0.9212   0.02768   0.02157   0.0424   0.2315   0.9846
  11.500   0.9742   0.03043   0.02427   0.0375   0.2213   0.9892
  12.000   1.0227   0.03318   0.02702   0.0336   0.2120   0.9950
  12.500   1.0705   0.03621   0.03008   0.0293   0.2040   1.0000
  13.000   1.0518   0.03857   0.03238   0.0365   0.1978   1.0000
  13.500   1.0475   0.04111   0.03493   0.0413   0.1923   1.0000
  14.000   1.0558   0.04363   0.03752   0.0441   0.1882   1.0000
  14.500   1.0636   0.04680   0.04071   0.0460   0.1835   1.0000
  15.000   1.0709   0.05039   0.04426   0.0473   0.1785   1.0000
  15.500   1.0857   0.05348   0.04736   0.0482   0.1739   1.0000
  16.000   1.1018   0.05691   0.05090   0.0483   0.1712   1.0000
  16.500   1.1124   0.06102   0.05510   0.0481   0.1680   1.0000
  17.000   1.1273   0.06472   0.05883   0.0479   0.1650   1.0000
  17.500   1.1388   0.06874   0.06287   0.0475   0.1620   1.0000
  18.000   1.1574   0.07184   0.06595   0.0474   0.1585   1.0000
  18.500   1.1738   0.07538   0.06958   0.0469   0.1562   1.0000
  19.000   1.1803   0.08035   0.07470   0.0458   0.1544   1.0000
  19.500   1.1816   0.08595   0.08044   0.0444   0.1522   1.0000
  20.000   1.1888   0.09076   0.08536   0.0431   0.1501   1.0000
  20.500   1.1900   0.09641   0.09110   0.0414   0.1479   1.0000
  21.000   1.1995   0.10104   0.09579   0.0398   0.1457   1.0000
  21.500   1.2159   0.10464   0.09938   0.0385   0.1430   1.0000
  22.000   1.2013   0.11204   0.10698   0.0362   0.1403   1.0000
  22.500   1.1383   0.12644   0.12176   0.0309   0.1379   1.0000
  23.000   0.6894   0.20859   0.20482  -0.0011   0.1035   1.0000
  23.500   0.7210   0.20989   0.20611  -0.0033   0.1025   1.0000
  24.000   0.7501   0.21156   0.20777  -0.0057   0.1015   1.0000
  25.000   0.2956   0.16969   0.16690   0.0175   0.0838   1.0000
