  
       XFOIL         Version 6.99
  
 Calculated polar for: NACA 1315                                       
  
 1 1 Reynolds number fixed          Mach number fixed         
  
 xtrf =   1.000 (top)        1.000 (bottom)  
 Mach =   0.000     Re =     0.452 e 6     Ncrit =   9.000
  
   alpha    CL        CD       CDp       CM     Top_Xtr  Bot_Xtr
  ------ -------- --------- --------- -------- -------- --------
 -24.500  -0.8286   0.29052   0.28775   0.0771   1.0000   0.0198
 -24.000  -0.8133   0.28362   0.28085   0.0711   1.0000   0.0222
 -23.500  -0.8042   0.27584   0.27306   0.0631   1.0000   0.0226
 -22.500  -0.7671   0.26420   0.26140   0.0582   1.0000   0.0236
 -22.000  -0.7499   0.25885   0.25605   0.0545   1.0000   0.0246
 -21.500  -0.7338   0.25256   0.24975   0.0504   1.0000   0.0262
 -20.500  -0.7122   0.23475   0.23195   0.0394   1.0000   0.0290
 -20.000  -0.6927   0.22999   0.22717   0.0370   1.0000   0.0297
 -19.500  -0.6757   0.22435   0.22154   0.0337   1.0000   0.0311
 -18.500  -0.6662   0.20394   0.20113   0.0202   1.0000   0.0349
 -18.000  -1.0737   0.09453   0.09067  -0.0321   1.0000   0.0299
 -17.500  -1.1074   0.08147   0.07736  -0.0395   1.0000   0.0302
 -17.000  -1.1310   0.07068   0.06633  -0.0453   1.0000   0.0307
 -16.500  -1.1479   0.06156   0.05698  -0.0498   1.0000   0.0313
 -16.000  -1.1588   0.05377   0.04896  -0.0532   1.0000   0.0320
 -15.500  -1.1639   0.04722   0.04217  -0.0555   1.0000   0.0327
 -15.000  -1.1625   0.04181   0.03650  -0.0566   1.0000   0.0336
 -14.500  -1.1540   0.03765   0.03211  -0.0567   1.0000   0.0345
 -14.000  -1.1498   0.03331   0.02755  -0.0553   1.0000   0.0357
 -13.500  -1.1397   0.02997   0.02411  -0.0531   1.0000   0.0372
 -13.000  -1.1213   0.02770   0.02172  -0.0505   1.0000   0.0387
 -12.500  -1.1004   0.02582   0.01971  -0.0472   1.0000   0.0404
 -12.000  -1.0785   0.02432   0.01805  -0.0430   1.0000   0.0419
 -11.500  -1.0649   0.02259   0.01619  -0.0369   1.0000   0.0437
 -11.000  -1.0472   0.02117   0.01475  -0.0311   1.0000   0.0463
 -10.500  -1.0222   0.02030   0.01383  -0.0261   1.0000   0.0490
 -10.000  -0.9954   0.01956   0.01298  -0.0211   1.0000   0.0514
  -9.500  -0.9771   0.01817   0.01155  -0.0148   1.0000   0.0551
  -9.000  -0.9487   0.01742   0.01077  -0.0102   1.0000   0.0589
  -8.500  -0.9060   0.01673   0.00999  -0.0083   0.9988   0.0631
  -8.000  -0.8373   0.01563   0.00894  -0.0118   0.9932   0.0720
  -7.500  -0.7643   0.01467   0.00800  -0.0160   0.9887   0.0822
  -7.000  -0.6994   0.01389   0.00722  -0.0182   0.9802   0.0944
  -6.500  -0.6262   0.01312   0.00652  -0.0222   0.9736   0.1106
  -6.000  -0.5482   0.01228   0.00582  -0.0272   0.9693   0.1356
  -5.500  -0.4869   0.01155   0.00523  -0.0284   0.9569   0.1632
  -5.000  -0.4189   0.01084   0.00465  -0.0309   0.9461   0.1984
  -4.500  -0.3661   0.01019   0.00417  -0.0300   0.9268   0.2391
  -4.000  -0.3121   0.00961   0.00373  -0.0294   0.9079   0.2869
  -3.500  -0.2605   0.00897   0.00334  -0.0282   0.8862   0.3541
  -3.000  -0.2096   0.00848   0.00303  -0.0269   0.8597   0.4286
  -2.500  -0.1580   0.00812   0.00282  -0.0256   0.8322   0.4934
  -2.000  -0.1057   0.00787   0.00266  -0.0245   0.8026   0.5506
  -1.500  -0.0536   0.00769   0.00253  -0.0232   0.7694   0.6028
  -1.000  -0.0008   0.00758   0.00247  -0.0221   0.7364   0.6510
  -0.500   0.0517   0.00752   0.00243  -0.0209   0.7002   0.6986
  -0.000   0.1042   0.00751   0.00245  -0.0197   0.6644   0.7440
   0.500   0.1564   0.00758   0.00250  -0.0184   0.6267   0.7888
   1.000   0.2084   0.00773   0.00260  -0.0171   0.5906   0.8302
   1.500   0.2608   0.00791   0.00278  -0.0157   0.5557   0.8684
   2.000   0.3132   0.00819   0.00301  -0.0143   0.5217   0.9045
   2.500   0.3684   0.00854   0.00327  -0.0136   0.4899   0.9318
   3.000   0.4287   0.00892   0.00352  -0.0141   0.4598   0.9504
   3.500   0.4915   0.00933   0.00382  -0.0153   0.4318   0.9668
   4.000   0.5710   0.00974   0.00411  -0.0204   0.4035   0.9733
   4.500   0.6474   0.01014   0.00440  -0.0248   0.3765   0.9814
   5.000   0.7194   0.01054   0.00470  -0.0284   0.3500   0.9899
   5.500   0.7971   0.01091   0.00499  -0.0333   0.3218   0.9960
   6.000   0.8612   0.01129   0.00528  -0.0355   0.2934   1.0000
   6.500   0.9002   0.01168   0.00558  -0.0325   0.2665   1.0000
   7.000   0.9378   0.01216   0.00595  -0.0293   0.2386   1.0000
   7.500   0.9737   0.01274   0.00642  -0.0257   0.2100   1.0000
   8.000   1.0083   0.01342   0.00699  -0.0219   0.1823   1.0000
   8.500   1.0421   0.01420   0.00764  -0.0180   0.1563   1.0000
   9.000   1.0755   0.01506   0.00840  -0.0141   0.1338   1.0000
   9.500   1.1094   0.01600   0.00926  -0.0105   0.1144   1.0000
  10.000   1.1432   0.01702   0.01024  -0.0070   0.0993   1.0000
  10.500   1.1723   0.01820   0.01140  -0.0030   0.0869   1.0000
  11.000   1.1977   0.01947   0.01264   0.0014   0.0771   1.0000
  11.500   1.2248   0.02081   0.01407   0.0052   0.0703   1.0000
  12.000   1.2455   0.02267   0.01594   0.0091   0.0638   1.0000
  12.500   1.2675   0.02462   0.01802   0.0123   0.0591   1.0000
  13.000   1.2890   0.02681   0.02029   0.0149   0.0548   1.0000
  13.500   1.2935   0.03052   0.02409   0.0178   0.0508   1.0000
  14.000   1.3124   0.03345   0.02720   0.0191   0.0485   1.0000
  14.500   1.3241   0.03723   0.03113   0.0200   0.0460   1.0000
  15.000   1.3257   0.04235   0.03636   0.0202   0.0438   1.0000
  15.500   1.3159   0.04883   0.04300   0.0202   0.0417   1.0000
  16.000   1.3210   0.05424   0.04862   0.0192   0.0404   1.0000
  16.500   1.3201   0.06059   0.05517   0.0176   0.0388   1.0000
  17.000   1.3145   0.06768   0.06242   0.0156   0.0374   1.0000
  17.500   1.3053   0.07548   0.07036   0.0132   0.0362   1.0000
  18.000   1.2919   0.08368   0.07867   0.0108   0.0349   1.0000
  18.500   1.2802   0.09185   0.08703   0.0082   0.0339   1.0000
  19.000   1.2696   0.10057   0.09598   0.0046   0.0332   1.0000
  19.500   1.2566   0.10981   0.10544   0.0006   0.0324   1.0000
  20.000   1.2422   0.11940   0.11524  -0.0039   0.0315   1.0000
  20.500   1.2274   0.12926   0.12528  -0.0088   0.0307   1.0000
  21.000   1.2146   0.13903   0.13522  -0.0140   0.0298   1.0000
  21.500   1.2030   0.14874   0.14504  -0.0195   0.0290   1.0000
  22.000   1.1805   0.16049   0.15697  -0.0263   0.0280   1.0000
  22.500   1.1072   0.18506   0.18198  -0.0416   0.0275   1.0000
