  
       XFOIL         Version 6.99
  
 Calculated polar for: NACA 2037                                       
  
 1 1 Reynolds number fixed          Mach number fixed         
  
 xtrf =   1.000 (top)        1.000 (bottom)  
 Mach =   0.000     Re =     0.452 e 6     Ncrit =   9.000
  
   alpha    CL        CD       CDp       CM     Top_Xtr  Bot_Xtr
  ------ -------- --------- --------- -------- -------- --------
 -25.000  -0.8791   0.14008   0.13539  -0.0545   0.9999   0.1558
 -24.500  -0.8385   0.14003   0.13545  -0.0551   0.9999   0.1580
 -24.000  -0.8065   0.13913   0.13463  -0.0556   0.9999   0.1605
 -23.500  -0.9388   0.11869   0.11375  -0.0604   0.9999   0.1710
 -23.000  -0.9101   0.11800   0.11318  -0.0598   0.9999   0.1744
 -22.500  -0.9198   0.11300   0.10816  -0.0598   0.9999   0.1789
 -22.000  -0.9719   0.10350   0.09846  -0.0600   0.9999   0.1846
 -21.500  -0.9825   0.09942   0.09433  -0.0585   0.9999   0.1891
 -21.000  -0.9773   0.09764   0.09264  -0.0559   0.9999   0.1931
 -20.500  -0.9942   0.09218   0.08714  -0.0551   0.9995   0.1978
 -20.000  -0.9894   0.08472   0.07951  -0.0596   0.9969   0.2027
 -19.500  -0.9679   0.07944   0.07417  -0.0634   0.9937   0.2081
 -19.000  -0.9311   0.07546   0.07024  -0.0677   0.9900   0.2133
 -18.500  -0.9045   0.07020   0.06492  -0.0724   0.9864   0.2184
 -18.000  -0.8914   0.06361   0.05814  -0.0770   0.9833   0.2230
 -17.500  -0.8414   0.06057   0.05516  -0.0818   0.9808   0.2295
 -17.000  -0.8136   0.05641   0.05101  -0.0847   0.9747   0.2350
 -16.500  -0.7912   0.05226   0.04679  -0.0865   0.9637   0.2402
 -16.000  -0.7734   0.04759   0.04196  -0.0883   0.9506   0.2443
 -15.500  -0.7427   0.04546   0.03989  -0.0881   0.9353   0.2515
 -15.000  -0.7234   0.04281   0.03722  -0.0867   0.9154   0.2570
 -14.500  -0.7045   0.04005   0.03435  -0.0854   0.8947   0.2622
 -14.000  -0.6922   0.03697   0.03107  -0.0837   0.8718   0.2665
 -13.500  -0.6611   0.03536   0.02943  -0.0826   0.8509   0.2737
 -13.000  -0.6374   0.03321   0.02724  -0.0813   0.8282   0.2799
 -12.500  -0.6141   0.03108   0.02495  -0.0799   0.8052   0.2856
 -12.000  -0.5866   0.02924   0.02295  -0.0788   0.7848   0.2904
 -11.500  -0.5542   0.02787   0.02147  -0.0776   0.7612   0.2977
 -11.000  -0.5273   0.02622   0.01982  -0.0760   0.7430   0.3048
 -10.500  -0.4946   0.02502   0.01843  -0.0747   0.7185   0.3110
 -10.000  -0.4658   0.02360   0.01693  -0.0731   0.7047   0.3163
  -9.500  -0.4290   0.02266   0.01589  -0.0718   0.6845   0.3238
  -9.000  -0.3959   0.02170   0.01491  -0.0701   0.6659   0.3317
  -8.500  -0.3617   0.02080   0.01398  -0.0684   0.6517   0.3386
  -8.000  -0.3309   0.02003   0.01302  -0.0661   0.6318   0.3444
  -7.500  -0.2898   0.01942   0.01239  -0.0649   0.6178   0.3521
  -7.000  -0.2558   0.01873   0.01173  -0.0626   0.6041   0.3609
  -6.500  -0.2257   0.01824   0.01111  -0.0595   0.5860   0.3686
  -6.000  -0.1898   0.01782   0.01065  -0.0572   0.5744   0.3748
  -5.500  -0.1495   0.01743   0.01023  -0.0553   0.5617   0.3830
  -5.000  -0.1214   0.01707   0.00984  -0.0514   0.5467   0.3927
  -4.500  -0.0914   0.01680   0.00957  -0.0476   0.5348   0.4011
  -4.000  -0.0607   0.01660   0.00933  -0.0438   0.5245   0.4076
  -3.500  -0.0292   0.01645   0.00911  -0.0399   0.5121   0.4162
  -3.000  -0.0115   0.01633   0.00898  -0.0336   0.4978   0.4267
  -2.500   0.0045   0.01618   0.00891  -0.0265   0.4913   0.4357
  -2.000   0.0057   0.01618   0.00886  -0.0166   0.4819   0.4423
  -1.500  -0.0306   0.01625   0.00884   0.0009   0.4729   0.4471
  -1.000  -0.0190   0.01624   0.00884   0.0087   0.4602   0.4601
  -0.500  -0.0071   0.01620   0.00891   0.0165   0.4547   0.4704
  -0.000   0.0129   0.01633   0.00903   0.0227   0.4460   0.4790
   0.500   0.0385   0.01653   0.00915   0.0275   0.4360   0.4872
   1.000   0.0726   0.01667   0.00932   0.0308   0.4243   0.5020
   1.500   0.1034   0.01684   0.00960   0.0345   0.4186   0.5140
   2.000   0.1347   0.01721   0.00994   0.0380   0.4102   0.5222
   2.500   0.1675   0.01750   0.01024   0.0409   0.4008   0.5375
   3.000   0.2081   0.01787   0.01066   0.0426   0.3907   0.5520
   3.500   0.2423   0.01836   0.01121   0.0450   0.3849   0.5632
   4.000   0.2768   0.01885   0.01176   0.0472   0.3770   0.5782
   4.500   0.3110   0.01945   0.01240   0.0493   0.3684   0.5946
   5.000   0.3532   0.02010   0.01302   0.0501   0.3593   0.6078
   5.500   0.3848   0.02090   0.01398   0.0521   0.3537   0.6256
   6.000   0.4198   0.02170   0.01489   0.0536   0.3466   0.6438
   6.500   0.4544   0.02271   0.01585   0.0548   0.3387   0.6567
   7.000   0.4921   0.02358   0.01682   0.0557   0.3304   0.6806
   7.500   0.5216   0.02492   0.01832   0.0572   0.3251   0.6993
   8.000   0.5561   0.02613   0.01962   0.0579   0.3187   0.7185
   8.500   0.5832   0.02770   0.02127   0.0593   0.3115   0.7430
   9.000   0.6181   0.02901   0.02259   0.0599   0.3036   0.7629
   9.500   0.6460   0.03075   0.02458   0.0609   0.2988   0.7897
  10.000   0.6713   0.03279   0.02673   0.0618   0.2929   0.8120
  10.500   0.6953   0.03486   0.02891   0.0631   0.2865   0.8413
  11.000   0.7278   0.03638   0.03044   0.0637   0.2788   0.8652
  11.500   0.7424   0.03923   0.03352   0.0654   0.2745   0.8923
  12.000   0.7609   0.04197   0.03638   0.0666   0.2691   0.9175
  12.500   0.7800   0.04446   0.03887   0.0681   0.2634   0.9406
  13.000   0.8198   0.04656   0.04091   0.0665   0.2558   0.9571
  13.500   0.8359   0.05112   0.04563   0.0651   0.2516   0.9733
  14.000   0.8679   0.05495   0.04952   0.0618   0.2462   0.9814
  14.500   0.9041   0.05941   0.05395   0.0566   0.2401   0.9847
  15.000   0.9523   0.06259   0.05710   0.0513   0.2335   0.9885
  15.500   0.9742   0.06821   0.06288   0.0467   0.2289   0.9930
  16.000   0.9967   0.07381   0.06855   0.0422   0.2235   0.9970
  16.500   1.0358   0.07773   0.07240   0.0374   0.2179   1.0000
  17.000   1.0323   0.08025   0.07492   0.0403   0.2130   1.0001
  17.500   0.9997   0.08628   0.08110   0.0431   0.2086   1.0001
  18.000   0.9822   0.09143   0.08631   0.0448   0.2037   1.0001
  18.500   0.9916   0.09413   0.08893   0.0455   0.1992   1.0001
  19.000   0.9994   0.09726   0.09206   0.0459   0.1944   1.0001
  19.500   0.9560   0.10668   0.10170   0.0455   0.1888   1.0001
  20.000   0.9570   0.11155   0.10659   0.0445   0.1843   1.0001
  20.500   0.9847   0.11350   0.10844   0.0432   0.1804   1.0001
  21.000   0.9108   0.12741   0.12266   0.0411   0.1729   1.0001
  21.500   0.9141   0.13258   0.12786   0.0389   0.1681   1.0001
  22.000   0.9456   0.13439   0.12959   0.0368   0.1651   1.0001
  23.000   0.8554   0.15732   0.15283   0.0297   0.1503   1.0001
  23.500   0.9022   0.15711   0.15253   0.0275   0.1487   1.0001
