  
       XFOIL         Version 6.99
  
 Calculated polar for: NACA 4931                                       
  
 1 1 Reynolds number fixed          Mach number fixed         
  
 xtrf =   1.000 (top)        1.000 (bottom)  
 Mach =   0.000     Re =     0.452 e 6     Ncrit =   9.000
  
   alpha    CL        CD       CDp       CM     Top_Xtr  Bot_Xtr
  ------ -------- --------- --------- -------- -------- --------
 -25.000  -0.6521   0.25822   0.25471   0.0042   1.0000   0.0654
 -24.500  -0.6422   0.25263   0.24912   0.0008   1.0000   0.0672
 -24.000  -0.6185   0.25064   0.24714  -0.0013   1.0000   0.0680
 -23.500  -0.5961   0.24818   0.24470  -0.0035   1.0000   0.0692
 -23.000  -0.5850   0.24246   0.23898  -0.0067   1.0000   0.0719
 -22.500  -0.6161   0.22579   0.22224  -0.0137   1.0000   0.0782
 -22.000  -0.5926   0.22353   0.21999  -0.0155   1.0000   0.0794
 -21.500  -0.5769   0.21932   0.21580  -0.0179   1.0000   0.0819
 -21.000  -0.6295   0.19971   0.19611  -0.0257   1.0000   0.0912
 -20.500  -1.0261   0.12666   0.12210  -0.0546   1.0000   0.1196
 -20.000  -1.0400   0.11907   0.11441  -0.0571   1.0000   0.1232
 -19.500  -1.0674   0.10976   0.10489  -0.0600   1.0000   0.1264
 -19.000  -1.0729   0.10404   0.09910  -0.0610   1.0000   0.1301
 -18.500  -1.0722   0.09921   0.09430  -0.0615   1.0000   0.1339
 -18.000  -1.0748   0.09404   0.08910  -0.0620   1.0000   0.1373
 -17.500  -1.0876   0.08731   0.08224  -0.0634   0.9997   0.1408
 -17.000  -1.0894   0.08147   0.07623  -0.0654   0.9986   0.1433
 -16.500  -1.0721   0.07732   0.07212  -0.0682   0.9955   0.1491
 -16.000  -1.0525   0.07281   0.06759  -0.0722   0.9921   0.1536
 -15.500  -1.0307   0.06851   0.06319  -0.0772   0.9897   0.1579
 -15.000  -1.0235   0.06354   0.05808  -0.0780   0.9819   0.1608
 -14.500  -0.9813   0.05994   0.05450  -0.0837   0.9763   0.1676
 -14.000  -0.9456   0.05606   0.05060  -0.0904   0.9737   0.1735
 -13.500  -0.9163   0.05146   0.04591  -0.0926   0.9612   0.1781
 -13.000  -0.8800   0.04775   0.04204  -0.0970   0.9561   0.1817
 -12.500  -0.8535   0.04427   0.03864  -0.0980   0.9468   0.1897
 -12.000  -0.8173   0.04084   0.03520  -0.1014   0.9422   0.1961
 -11.500  -0.7871   0.03780   0.03207  -0.1019   0.9313   0.2009
 -10.500  -0.7496   0.03209   0.02635  -0.0981   0.9035   0.2134
 -10.000  -0.7073   0.02957   0.02383  -0.0997   0.8972   0.2207
  -9.500  -0.6814   0.02751   0.02167  -0.0978   0.8838   0.2256
  -9.000  -0.6331   0.02535   0.01948  -0.0993   0.8774   0.2336
  -8.500  -0.6039   0.02325   0.01739  -0.0979   0.8620   0.2421
  -8.000  -0.5426   0.02155   0.01561  -0.1014   0.8516   0.2500
  -7.500  -0.5061   0.02036   0.01427  -0.1000   0.8331   0.2546
  -7.000  -0.4432   0.01876   0.01267  -0.1037   0.8155   0.2676
  -6.500  -0.4110   0.01803   0.01190  -0.1010   0.7937   0.2758
  -6.000  -0.3343   0.01732   0.01099  -0.1064   0.7736   0.2825
  -5.500  -0.3021   0.01670   0.01042  -0.1032   0.7538   0.2942
  -5.000  -0.2313   0.01612   0.00975  -0.1075   0.7308   0.3057
  -4.500  -0.1855   0.01591   0.00951  -0.1064   0.7157   0.3129
  -4.000  -0.1262   0.01556   0.00906  -0.1080   0.6937   0.3248
  -3.500  -0.0665   0.01529   0.00886  -0.1098   0.6771   0.3375
  -3.000  -0.0073   0.01522   0.00868  -0.1111   0.6593   0.3465
  -2.500   0.0548   0.01513   0.00849  -0.1130   0.6387   0.3586
  -2.000   0.1129   0.01502   0.00849  -0.1143   0.6245   0.3726
  -1.500   0.1713   0.01514   0.00848  -0.1153   0.6059   0.3829
  -1.000   0.2318   0.01519   0.00850  -0.1168   0.5905   0.3947
  -0.500   0.2909   0.01522   0.00861  -0.1181   0.5755   0.4105
  -0.000   0.3490   0.01551   0.00876  -0.1190   0.5560   0.4221
   0.500   0.4068   0.01568   0.00895  -0.1199   0.5452   0.4337
   1.000   0.4626   0.01589   0.00923  -0.1206   0.5305   0.4509
   1.500   0.5190   0.01633   0.00955  -0.1212   0.5115   0.4640
   2.000   0.5744   0.01661   0.00988  -0.1216   0.5029   0.4751
   2.500   0.6292   0.01692   0.01028  -0.1221   0.4894   0.4942
   3.000   0.6814   0.01752   0.01077  -0.1220   0.4721   0.5083
   3.500   0.7369   0.01793   0.01123  -0.1226   0.4637   0.5196
   4.000   0.7883   0.01840   0.01181  -0.1224   0.4519   0.5399
   4.500   0.8321   0.01924   0.01259  -0.1209   0.4371   0.5548
   5.000   0.8854   0.01988   0.01323  -0.1212   0.4272   0.5660
   5.500   0.9333   0.02051   0.01401  -0.1205   0.4172   0.5875
   6.000   0.9746   0.02149   0.01497  -0.1187   0.4050   0.6030
   6.500   1.0206   0.02253   0.01594  -0.1180   0.3927   0.6135
   7.000   1.0626   0.02338   0.01700  -0.1164   0.3851   0.6358
   7.500   1.1002   0.02463   0.01828  -0.1144   0.3747   0.6515
   8.000   1.1369   0.02619   0.01973  -0.1126   0.3611   0.6624
   8.500   1.1724   0.02742   0.02115  -0.1103   0.3547   0.6828
   9.000   1.2071   0.02884   0.02267  -0.1081   0.3461   0.6983
   9.500   1.2364   0.03087   0.02467  -0.1057   0.3361   0.7103
  10.000   1.2655   0.03259   0.02642  -0.1030   0.3254   0.7258
  10.500   1.2889   0.03455   0.02856  -0.0996   0.3194   0.7399
  11.000   1.3174   0.03661   0.03066  -0.0974   0.3111   0.7523
  11.500   1.3370   0.03965   0.03365  -0.0950   0.3007   0.7612
  12.000   1.3548   0.04168   0.03579  -0.0910   0.2933   0.7744
  12.500   1.3713   0.04412   0.03837  -0.0874   0.2871   0.7839
  13.000   1.3849   0.04720   0.04149  -0.0843   0.2794   0.7937
  13.500   1.4020   0.05049   0.04471  -0.0824   0.2687   0.8024
  14.000   1.4129   0.05385   0.04823  -0.0796   0.2635   0.8098
  14.500   1.4209   0.05676   0.05126  -0.0757   0.2576   0.8156
  15.000   1.4187   0.06084   0.05538  -0.0718   0.2505   0.8217
  15.500   1.4264   0.06424   0.05872  -0.0689   0.2404   0.8293
  16.000   1.4415   0.06871   0.06337  -0.0691   0.2361   0.8370
  16.500   1.4501   0.07327   0.06803  -0.0685   0.2299   0.8418
  17.000   1.4451   0.07724   0.07202  -0.0649   0.2234   0.8457
  17.500   1.4395   0.08128   0.07606  -0.0614   0.2152   0.8509
  18.000   1.4408   0.08593   0.08089  -0.0602   0.2110   0.8569
  18.500   1.4398   0.09176   0.08684  -0.0605   0.2050   0.8624
  19.000   1.4514   0.09694   0.09199  -0.0623   0.1981   0.8673
  19.500   1.4550   0.10027   0.09534  -0.0603   0.1917   0.8715
  20.000   1.4382   0.10642   0.10169  -0.0593   0.1873   0.8758
  20.500   1.4396   0.11133   0.10668  -0.0596   0.1817   0.8801
  21.000   1.4387   0.11704   0.11237  -0.0611   0.1753   0.8843
  21.500   1.4535   0.12163   0.11703  -0.0635   0.1700   0.8886
  22.000   1.4403   0.12818   0.12376  -0.0647   0.1654   0.8925
  22.500   1.4352   0.13318   0.12881  -0.0651   0.1602   0.8968
  23.000   1.4509   0.13651   0.13206  -0.0665   0.1543   0.9010
  23.500   1.4454   0.14326   0.13898  -0.0700   0.1501   0.9045
  24.500   1.4404   0.15494   0.15082  -0.0758   0.1407   0.9109
  25.000   1.4602   0.15674   0.15252  -0.0762   0.1354   0.9165
