  
       XFOIL         Version 6.99
  
 Calculated polar for: NACA 5018                                       
  
 1 1 Reynolds number fixed          Mach number fixed         
  
 xtrf =   1.000 (top)        1.000 (bottom)  
 Mach =   0.000     Re =     0.452 e 6     Ncrit =   9.000
  
   alpha    CL        CD       CDp       CM     Top_Xtr  Bot_Xtr
  ------ -------- --------- --------- -------- -------- --------
 -24.000  -0.8598   0.16826   0.16507  -0.0144   0.9999   0.0414
 -23.500  -0.8069   0.17177   0.16866  -0.0118   0.9999   0.0419
 -23.000  -0.7602   0.17414   0.17105  -0.0102   0.9999   0.0421
 -22.500  -0.7135   0.17693   0.17387  -0.0088   0.9999   0.0419
 -22.000  -1.1295   0.08977   0.08511  -0.0626   0.9999   0.0462
 -21.500  -1.1394   0.08157   0.07677  -0.0664   0.9999   0.0474
 -21.000  -1.1486   0.07366   0.06869  -0.0698   0.9999   0.0487
 -20.500  -1.1562   0.06622   0.06106  -0.0729   0.9999   0.0500
 -20.000  -1.1602   0.05934   0.05397  -0.0755   0.9999   0.0511
 -19.500  -1.1657   0.05298   0.04746  -0.0769   0.9999   0.0526
 -19.000  -1.1700   0.04692   0.04132  -0.0783   0.9999   0.0546
 -18.500  -1.1653   0.04188   0.03617  -0.0791   0.9999   0.0565
 -18.000  -1.1561   0.03757   0.03170  -0.0793   0.9999   0.0586
 -17.500  -1.1406   0.03409   0.02802  -0.0788   0.9999   0.0603
 -17.000  -1.1387   0.02992   0.02379  -0.0770   0.9999   0.0631
 -16.500  -1.1252   0.02715   0.02096  -0.0746   0.9999   0.0659
 -16.000  -1.1086   0.02517   0.01887  -0.0710   0.9999   0.0688
 -15.500  -1.0998   0.02352   0.01710  -0.0652   0.9999   0.0715
 -15.000  -1.1150   0.02203   0.01561  -0.0549   0.9999   0.0747
 -14.500  -1.1392   0.02136   0.01488  -0.0414   0.9999   0.0770
 -14.000  -1.1283   0.02063   0.01407  -0.0338   0.9994   0.0804
 -13.500  -1.0679   0.01923   0.01266  -0.0355   0.9937   0.0875
 -13.000  -0.9988   0.01841   0.01179  -0.0383   0.9890   0.0949
 -12.500  -0.9403   0.01719   0.01063  -0.0393   0.9821   0.1053
 -12.000  -0.8772   0.01625   0.00970  -0.0408   0.9745   0.1164
 -11.500  -0.8054   0.01544   0.00890  -0.0439   0.9696   0.1293
 -11.000  -0.7294   0.01459   0.00812  -0.0478   0.9663   0.1456
 -10.500  -0.6761   0.01379   0.00742  -0.0471   0.9548   0.1639
 -10.000  -0.6110   0.01300   0.00672  -0.0486   0.9464   0.1847
  -9.500  -0.5515   0.01233   0.00613  -0.0488   0.9365   0.2067
  -9.000  -0.4999   0.01175   0.00562  -0.0473   0.9215   0.2292
  -8.500  -0.4446   0.01123   0.00515  -0.0465   0.9079   0.2535
  -8.000  -0.3932   0.01078   0.00474  -0.0449   0.8904   0.2783
  -7.500  -0.3396   0.01040   0.00439  -0.0437   0.8731   0.3045
  -7.000  -0.2860   0.01002   0.00404  -0.0426   0.8533   0.3328
  -6.500  -0.2334   0.00970   0.00380  -0.0413   0.8327   0.3624
  -6.000  -0.1795   0.00943   0.00356  -0.0403   0.8108   0.3926
  -5.500  -0.1256   0.00922   0.00335  -0.0393   0.7870   0.4236
  -5.000  -0.0720   0.00902   0.00321  -0.0383   0.7631   0.4552
  -4.500  -0.0182   0.00888   0.00309  -0.0373   0.7384   0.4874
  -4.000   0.0355   0.00879   0.00301  -0.0364   0.7130   0.5207
  -3.500   0.0887   0.00874   0.00295  -0.0353   0.6854   0.5556
  -3.000   0.1420   0.00868   0.00293  -0.0344   0.6595   0.5916
  -2.500   0.1952   0.00866   0.00295  -0.0335   0.6330   0.6285
  -2.000   0.2480   0.00868   0.00301  -0.0325   0.6063   0.6676
  -1.500   0.3001   0.00872   0.00310  -0.0314   0.5797   0.7080
  -1.000   0.3514   0.00880   0.00323  -0.0301   0.5519   0.7500
  -0.500   0.4024   0.00893   0.00341  -0.0288   0.5243   0.7936
  -0.000   0.4538   0.00908   0.00362  -0.0275   0.4985   0.8350
   0.500   0.5043   0.00931   0.00387  -0.0261   0.4722   0.8742
   1.000   0.5539   0.00963   0.00417  -0.0245   0.4458   0.9090
   1.500   0.6049   0.01004   0.00453  -0.0232   0.4190   0.9384
   2.000   0.6677   0.01057   0.00495  -0.0247   0.3902   0.9586
   2.500   0.7385   0.01114   0.00539  -0.0282   0.3602   0.9715
   3.000   0.8143   0.01175   0.00587  -0.0330   0.3297   0.9815
   3.500   0.8879   0.01237   0.00636  -0.0375   0.2995   0.9901
   4.000   0.9647   0.01304   0.00689  -0.0429   0.2692   0.9975
   4.500   1.0077   0.01362   0.00736  -0.0415   0.2445   1.0001
   5.000   1.0270   0.01413   0.00776  -0.0352   0.2242   1.0001
   5.500   1.0485   0.01463   0.00823  -0.0292   0.2071   1.0001
   6.000   1.0643   0.01524   0.00877  -0.0222   0.1902   1.0001
   6.500   1.0855   0.01614   0.00955  -0.0167   0.1719   1.0001
   7.000   1.1165   0.01702   0.01042  -0.0134   0.1573   1.0001
   7.500   1.1470   0.01810   0.01148  -0.0104   0.1429   1.0001
   8.000   1.1735   0.01952   0.01284  -0.0073   0.1296   1.0001
   8.500   1.2026   0.02093   0.01424  -0.0049   0.1187   1.0001
   9.000   1.2291   0.02259   0.01593  -0.0025   0.1090   1.0001
   9.500   1.2499   0.02476   0.01807   0.0000   0.1002   1.0001
  10.000   1.2741   0.02683   0.02024   0.0018   0.0937   1.0001
  10.500   1.2905   0.02964   0.02306   0.0037   0.0869   1.0001
  11.000   1.3079   0.03256   0.02608   0.0050   0.0817   1.0001
  11.500   1.3230   0.03582   0.02943   0.0060   0.0771   1.0001
  12.000   1.3231   0.04066   0.03432   0.0071   0.0725   1.0001
  12.500   1.3386   0.04436   0.03820   0.0071   0.0695   1.0001
  13.000   1.3455   0.04908   0.04303   0.0068   0.0662   1.0001
  13.500   1.3387   0.05548   0.04950   0.0063   0.0628   1.0001
  14.000   1.3414   0.06111   0.05531   0.0054   0.0606   1.0001
  14.500   1.3423   0.06710   0.06147   0.0041   0.0584   1.0001
  15.000   1.3386   0.07387   0.06837   0.0023   0.0563   1.0001
  15.500   1.3287   0.08146   0.07604   0.0003   0.0541   1.0001
  16.000   1.3225   0.08850   0.08323  -0.0016   0.0522   1.0001
  16.500   1.3164   0.09609   0.09101  -0.0043   0.0507   1.0001
  17.000   1.3084   0.10406   0.09915  -0.0074   0.0490   1.0001
  17.500   1.2995   0.11225   0.10747  -0.0108   0.0474   1.0001
  18.000   1.2942   0.11954   0.11481  -0.0138   0.0457   1.0001
  18.500   1.2863   0.12736   0.12278  -0.0172   0.0442   1.0001
  19.000   1.2753   0.13633   0.13197  -0.0218   0.0432   1.0001
  19.500   1.2646   0.14534   0.14117  -0.0266   0.0419   1.0001
  20.000   1.2533   0.15463   0.15062  -0.0318   0.0407   1.0001
  20.500   1.2464   0.16312   0.15922  -0.0370   0.0395   1.0001
  21.000   1.2450   0.17028   0.16642  -0.0415   0.0381   1.0001
  21.500   1.2120   0.18450   0.18094  -0.0500   0.0370   1.0001
  23.500   0.9641   0.30654   0.30377  -0.1091   0.0288   1.0001
  24.000   0.9795   0.31164   0.30888  -0.1137   0.0272   1.0001
  24.500   0.9959   0.31571   0.31296  -0.1179   0.0264   1.0001
  25.000   1.0135   0.31918   0.31645  -0.1215   0.0259   1.0001
