  
       XFOIL         Version 6.99
  
 Calculated polar for: NACA 1730                                       
  
 1 1 Reynolds number fixed          Mach number fixed         
  
 xtrf =   1.000 (top)        1.000 (bottom)  
 Mach =   0.000     Re =     0.452 e 6     Ncrit =   9.000
  
   alpha    CL        CD       CDp       CM     Top_Xtr  Bot_Xtr
  ------ -------- --------- --------- -------- -------- --------
 -25.000  -0.9503   0.15621   0.15186  -0.0455   1.0000   0.1026
 -24.500  -1.0117   0.14143   0.13676  -0.0526   1.0000   0.1074
 -24.000  -0.9922   0.13827   0.13367  -0.0547   1.0000   0.1104
 -23.500  -1.0038   0.13073   0.12605  -0.0584   1.0000   0.1142
 -23.000  -1.0396   0.12014   0.11521  -0.0629   1.0000   0.1179
 -22.500  -1.0291   0.11615   0.11121  -0.0645   1.0000   0.1217
 -22.000  -1.0228   0.11152   0.10660  -0.0662   1.0000   0.1252
 -21.500  -1.0354   0.10454   0.09951  -0.0684   1.0000   0.1290
 -21.000  -1.0569   0.09669   0.09146  -0.0704   1.0000   0.1322
 -20.500  -1.0485   0.09326   0.08807  -0.0704   1.0000   0.1368
 -20.000  -1.0493   0.08866   0.08349  -0.0706   1.0000   0.1408
 -19.500  -1.0619   0.08284   0.07756  -0.0707   1.0000   0.1446
 -19.000  -1.0724   0.07761   0.07217  -0.0702   1.0000   0.1476
 -18.500  -1.0762   0.07387   0.06848  -0.0684   1.0000   0.1527
 -18.000  -1.0838   0.06988   0.06450  -0.0664   1.0000   0.1571
 -17.500  -1.0986   0.06535   0.05988  -0.0641   1.0000   0.1612
 -17.000  -1.1081   0.06165   0.05606  -0.0612   1.0000   0.1642
 -16.500  -1.1194   0.05826   0.05268  -0.0575   1.0000   0.1693
 -16.000  -1.0974   0.05374   0.04817  -0.0605   0.9975   0.1752
 -15.500  -1.0685   0.04917   0.04349  -0.0646   0.9937   0.1807
 -15.000  -1.0313   0.04567   0.03991  -0.0684   0.9900   0.1863
 -14.500  -0.9999   0.04154   0.03581  -0.0724   0.9867   0.1934
 -14.000  -0.9543   0.03839   0.03259  -0.0772   0.9842   0.2000
 -13.500  -0.9245   0.03552   0.02963  -0.0782   0.9768   0.2054
 -13.000  -0.8889   0.03259   0.02677  -0.0805   0.9698   0.2136
 -12.500  -0.8404   0.02995   0.02408  -0.0845   0.9650   0.2210
 -12.000  -0.7835   0.02783   0.02190  -0.0889   0.9609   0.2281
 -11.500  -0.7467   0.02548   0.01961  -0.0901   0.9529   0.2369
 -11.000  -0.7148   0.02385   0.01795  -0.0888   0.9395   0.2443
 -10.500  -0.6742   0.02231   0.01632  -0.0886   0.9285   0.2508
 -10.000  -0.6498   0.02072   0.01479  -0.0857   0.9133   0.2602
  -9.500  -0.6166   0.01946   0.01349  -0.0836   0.8977   0.2685
  -9.000  -0.5799   0.01852   0.01242  -0.0818   0.8816   0.2741
  -8.500  -0.5492   0.01733   0.01127  -0.0789   0.8620   0.2855
  -8.000  -0.5142   0.01649   0.01039  -0.0765   0.8429   0.2947
  -7.500  -0.4727   0.01590   0.00962  -0.0747   0.8199   0.3011
  -7.000  -0.4395   0.01510   0.00886  -0.0716   0.7963   0.3132
  -6.500  -0.4014   0.01460   0.00827  -0.0691   0.7715   0.3234
  -6.000  -0.3611   0.01431   0.00779  -0.0666   0.7444   0.3303
  -5.500  -0.3267   0.01380   0.00729  -0.0632   0.7203   0.3432
  -5.000  -0.2917   0.01358   0.00697  -0.0596   0.6953   0.3541
  -4.500  -0.2580   0.01351   0.00677  -0.0555   0.6743   0.3614
  -4.000  -0.2281   0.01331   0.00654  -0.0507   0.6530   0.3747
  -3.500  -0.1927   0.01318   0.00643  -0.0469   0.6353   0.3866
  -3.000  -0.1529   0.01325   0.00633  -0.0438   0.6142   0.3947
  -2.500  -0.1161   0.01300   0.00616  -0.0402   0.5990   0.4097
  -2.000  -0.0785   0.01304   0.00611  -0.0367   0.5790   0.4224
  -1.500  -0.0360   0.01303   0.00606  -0.0341   0.5655   0.4306
  -1.000  -0.0003   0.01288   0.00595  -0.0302   0.5490   0.4480
  -0.500   0.0404   0.01294   0.00598  -0.0273   0.5334   0.4612
  -0.000   0.0797   0.01292   0.00593  -0.0240   0.5199   0.4720
   0.500   0.1092   0.01291   0.00593  -0.0189   0.5033   0.4893
   1.000   0.1501   0.01295   0.00600  -0.0160   0.4920   0.5025
   1.500   0.1884   0.01299   0.00604  -0.0127   0.4784   0.5176
   2.000   0.2295   0.01323   0.00625  -0.0101   0.4617   0.5351
   2.500   0.2749   0.01339   0.00643  -0.0083   0.4528   0.5467
   3.000   0.3153   0.01353   0.00665  -0.0056   0.4395   0.5679
   3.500   0.3590   0.01392   0.00699  -0.0037   0.4253   0.5844
   4.000   0.4043   0.01408   0.00727  -0.0021   0.4160   0.6026
   4.500   0.4456   0.01445   0.00765   0.0002   0.4033   0.6220
   5.000   0.4889   0.01493   0.00811   0.0019   0.3910   0.6389
   5.500   0.5326   0.01524   0.00859   0.0036   0.3817   0.6604
   6.000   0.5730   0.01584   0.00911   0.0057   0.3699   0.6760
   6.500   0.6145   0.01637   0.00975   0.0075   0.3587   0.7003
   7.000   0.6560   0.01695   0.01041   0.0092   0.3499   0.7182
   7.500   0.6939   0.01767   0.01114   0.0113   0.3391   0.7396
   8.000   0.7326   0.01846   0.01200   0.0132   0.3286   0.7609
   8.500   0.7712   0.01925   0.01287   0.0149   0.3204   0.7787
   9.000   0.8049   0.02020   0.01391   0.0173   0.3108   0.8056
   9.500   0.8387   0.02135   0.01507   0.0193   0.3006   0.8265
  10.000   0.8721   0.02239   0.01631   0.0216   0.2934   0.8574
  10.500   0.9009   0.02366   0.01767   0.0244   0.2848   0.8912
  11.000   0.9230   0.02534   0.01938   0.0279   0.2747   0.9310
  11.500   0.9648   0.02691   0.02108   0.0277   0.2682   0.9692
  12.000   1.0144   0.02916   0.02333   0.0247   0.2594   0.9905
  12.500   1.0553   0.03157   0.02566   0.0227   0.2494   1.0000
  13.000   1.0687   0.03334   0.02750   0.0260   0.2441   1.0000
  13.500   1.0876   0.03566   0.02980   0.0279   0.2371   1.0000
  14.000   1.1006   0.03864   0.03269   0.0298   0.2283   1.0000
  14.500   1.1230   0.04130   0.03544   0.0305   0.2229   1.0000
  15.000   1.1402   0.04450   0.03870   0.0312   0.2167   1.0000
  15.500   1.1524   0.04807   0.04222   0.0321   0.2096   1.0000
  16.000   1.1669   0.05162   0.04581   0.0326   0.2032   1.0000
  16.500   1.1811   0.05544   0.04974   0.0327   0.1978   1.0000
  17.000   1.1880   0.05997   0.05428   0.0327   0.1918   1.0000
  17.500   1.2006   0.06375   0.05801   0.0330   0.1848   1.0000
  18.000   1.2047   0.06885   0.06327   0.0325   0.1805   1.0000
  18.500   1.2117   0.07366   0.06815   0.0319   0.1750   1.0000
  19.000   1.2154   0.07866   0.07310   0.0314   0.1689   1.0000
  19.500   1.2218   0.08360   0.07815   0.0305   0.1644   1.0000
  20.000   1.2191   0.08970   0.08438   0.0292   0.1597   1.0000
  20.500   1.2214   0.09515   0.08983   0.0279   0.1545   1.0000
  21.000   1.2344   0.09912   0.09377   0.0270   0.1492   1.0000
  21.500   1.2229   0.10655   0.10140   0.0248   0.1455   1.0000
  22.000   1.2222   0.11260   0.10753   0.0227   0.1410   1.0000
  22.500   1.2274   0.11771   0.11259   0.0207   0.1361   1.0000
  23.000   1.2283   0.12341   0.11841   0.0185   0.1322   1.0000
  23.500   1.2140   0.13140   0.12656   0.0151   0.1282   1.0000
  24.000   1.2193   0.13673   0.13191   0.0124   0.1243   1.0000
  24.500   1.2452   0.13893   0.13400   0.0109   0.1198   1.0000
  25.000   1.2121   0.14980   0.14515   0.0056   0.1163   1.0000
