  
       XFOIL         Version 6.99
  
 Calculated polar for: NACA 8933                                       
  
 1 1 Reynolds number fixed          Mach number fixed         
  
 xtrf =   1.000 (top)        1.000 (bottom)  
 Mach =   0.000     Re =     0.452 e 6     Ncrit =   9.000
  
   alpha    CL        CD       CDp       CM     Top_Xtr  Bot_Xtr
  ------ -------- --------- --------- -------- -------- --------
 -24.500  -0.1377   0.20443   0.20188  -0.0451   0.9596   0.0608
 -23.000  -0.3681   0.27918   0.27575  -0.0335   0.9760   0.0690
 -22.500  -0.3526   0.27501   0.27160  -0.0355   0.9758   0.0719
 -21.500  -0.3404   0.26001   0.25660  -0.0408   0.9743   0.0731
 -21.000  -0.3363   0.25161   0.24818  -0.0441   0.9733   0.0716
 -20.000  -0.3442   0.23001   0.22652  -0.0548   0.9707   0.0780
 -19.500  -0.3121   0.22823   0.22477  -0.0584   0.9697   0.0789
 -19.000  -0.2831   0.22563   0.22217  -0.0626   0.9689   0.0805
 -18.500  -0.2694   0.21857   0.21509  -0.0695   0.9681   0.0840
 -18.000  -0.2784   0.20751   0.20397  -0.0785   0.9675   0.0902
 -17.500  -0.3043   0.20152   0.19809  -0.0675   0.9605   0.0912
 -17.000  -0.2685   0.19822   0.19479  -0.0731   0.9584   0.0930
 -16.500  -0.3036   0.17926   0.17572  -0.0856   0.9570   0.1038
 -16.000  -0.2652   0.17892   0.17539  -0.0906   0.9558   0.1055
 -15.000  -0.6537   0.09966   0.09515  -0.1195   0.9357   0.1410
 -14.000  -0.6728   0.08330   0.07843  -0.1273   0.9219   0.1479
 -13.500  -0.6587   0.07848   0.07358  -0.1292   0.9139   0.1530
 -13.000  -0.6263   0.07401   0.06914  -0.1340   0.9117   0.1577
 -12.500  -0.6196   0.06960   0.06469  -0.1341   0.9007   0.1615
 -12.000  -0.6080   0.06372   0.05867  -0.1378   0.8962   0.1654
 -11.500  -0.5946   0.05939   0.05420  -0.1388   0.8862   0.1679
 -11.000  -0.5610   0.05579   0.05064  -0.1417   0.8830   0.1752
 -10.500  -0.5361   0.05123   0.04606  -0.1449   0.8800   0.1805
 -10.000  -0.5251   0.04837   0.04314  -0.1430   0.8666   0.1846
  -9.500  -0.4978   0.04404   0.03866  -0.1459   0.8620   0.1885
  -8.500  -0.4503   0.03886   0.03345  -0.1450   0.8409   0.2007
  -8.000  -0.4085   0.03523   0.02975  -0.1491   0.8352   0.2070
  -7.500  -0.4029   0.03365   0.02808  -0.1442   0.8170   0.2111
  -7.000  -0.3592   0.03128   0.02553  -0.1464   0.8064   0.2144
  -6.500  -0.3436   0.02927   0.02351  -0.1436   0.7931   0.2235
  -6.000  -0.3547   0.02785   0.02208  -0.1354   0.7753   0.2292
  -5.500  -0.2992   0.02597   0.02006  -0.1387   0.7609   0.2364
  -5.000  -0.2895   0.02517   0.01922  -0.1333   0.7465   0.2404
  -4.500  -0.2434   0.02430   0.01827  -0.1336   0.7322   0.2476
  -4.000  -0.1652   0.02294   0.01689  -0.1405   0.7167   0.2595
  -3.500  -0.1191   0.02270   0.01668  -0.1407   0.7051   0.2671
  -3.000  -0.0600   0.02246   0.01635  -0.1431   0.6906   0.2723
  -2.500   0.0128   0.02190   0.01573  -0.1480   0.6747   0.2857
  -2.000   0.0858   0.02168   0.01557  -0.1529   0.6624   0.2969
  -1.500   0.1414   0.02193   0.01581  -0.1543   0.6500   0.3044
  -1.000   0.2062   0.02199   0.01574  -0.1572   0.6350   0.3125
  -0.500   0.2902   0.02181   0.01558  -0.1641   0.6181   0.3292
  -0.000   0.3488   0.02230   0.01615  -0.1659   0.6098   0.3391
   0.500   0.4134   0.02277   0.01653  -0.1688   0.5963   0.3459
   1.000   0.4750   0.02312   0.01682  -0.1710   0.5797   0.3622
   1.500   0.5466   0.02354   0.01733  -0.1753   0.5689   0.3757
   2.000   0.6054   0.02437   0.01819  -0.1771   0.5595   0.3856
   2.500   0.6604   0.02526   0.01899  -0.1782   0.5458   0.3938
   3.000   0.7256   0.02576   0.01946  -0.1811   0.5279   0.4129
   3.500   0.7818   0.02683   0.02066  -0.1825   0.5218   0.4261
   4.000   0.8392   0.02803   0.02188  -0.1843   0.5119   0.4351
   4.500   0.8814   0.02927   0.02306  -0.1831   0.4991   0.4477
   5.000   0.9429   0.03006   0.02386  -0.1854   0.4833   0.4661
   5.500   0.9904   0.03168   0.02562  -0.1855   0.4779   0.4793
   6.000   1.0426   0.03335   0.02730  -0.1866   0.4684   0.4873
   6.500   1.0756   0.03506   0.02899  -0.1842   0.4568   0.5016
   7.000   1.1247   0.03616   0.03010  -0.1844   0.4420   0.5201
   7.500   1.1659   0.03814   0.03223  -0.1838   0.4372   0.5333
   8.000   1.2092   0.04042   0.03456  -0.1840   0.4287   0.5418
   8.500   1.2410   0.04261   0.03672  -0.1821   0.4181   0.5533
   9.000   1.2707   0.04400   0.03812  -0.1792   0.4045   0.5723
   9.500   1.2976   0.04636   0.04066  -0.1766   0.3994   0.5854
  10.000   1.3310   0.04907   0.04347  -0.1757   0.3922   0.5956
  10.500   1.3701   0.05188   0.04626  -0.1760   0.3825   0.6021
  11.000   1.3793   0.05467   0.04904  -0.1713   0.3712   0.6172
  11.500   1.3964   0.05630   0.05079  -0.1669   0.3641   0.6313
  12.000   1.4126   0.05899   0.05364  -0.1635   0.3585   0.6416
  12.500   1.4253   0.06272   0.05746  -0.1608   0.3503   0.6507
  13.000   1.4481   0.06617   0.06087  -0.1597   0.3408   0.6584
  13.500   1.4886   0.06840   0.06305  -0.1603   0.3304   0.6634
  14.000   1.4847   0.07184   0.06669  -0.1552   0.3259   0.6768
  14.500   1.4756   0.07546   0.07045  -0.1495   0.3192   0.6841
  15.000   1.4804   0.07824   0.07326  -0.1454   0.3116   0.6906
  15.500   1.4887   0.08081   0.07578  -0.1419   0.3018   0.6972
  16.000   1.4885   0.08489   0.08000  -0.1389   0.2959   0.7043
  16.500   1.4985   0.08896   0.08421  -0.1378   0.2898   0.7113
  17.000   1.5029   0.09431   0.08963  -0.1376   0.2820   0.7165
  17.500   1.5260   0.09807   0.09332  -0.1385   0.2730   0.7204
  18.000   1.5459   0.10094   0.09624  -0.1381   0.2663   0.7266
  18.500   1.5241   0.10638   0.10188  -0.1349   0.2606   0.7311
  19.000   1.5150   0.10994   0.10553  -0.1314   0.2543   0.7350
  19.500   1.5171   0.11260   0.10815  -0.1287   0.2475   0.7392
  20.000   1.5354   0.11397   0.10948  -0.1269   0.2393   0.7442
  20.500   1.5113   0.12119   0.11694  -0.1269   0.2344   0.7484
  21.000   1.5167   0.12562   0.12146  -0.1277   0.2281   0.7537
  21.500   1.5235   0.13047   0.12630  -0.1296   0.2211   0.7592
  22.000   1.5610   0.13236   0.12812  -0.1319   0.2131   0.7663
  22.500   1.5567   0.13952   0.13548  -0.1358   0.2084   0.7700
  23.000   1.5514   0.14650   0.14259  -0.1396   0.2015   0.7720
  23.500   1.5626   0.14916   0.14520  -0.1398   0.1958   0.7759
  24.000   1.5804   0.14948   0.14545  -0.1378   0.1890   0.7790
